timestamp,elapsed_time,phase,error_x,error_y,error_z,error_magnitude,rmse_x,rmse_y,rmse_z,rmse_total,iae_x,iae_y,itae_x,itae_y,settling_time,is_settled,max_overshoot_x,max_overshoot_y
1762438742.7920568,0.582791501,1,-0.167562501142676,-0.03351214034511818,-0.6891666666973342,0.710035879252883,0.17002085775753734,0.03400380373665192,0.6891666666988769,0.7106434022982345,0.0041024226171642465,0.0008204756245671589,0.0,0.0,0.0,0,0.0,0.0
1762438742.8919284,0.682654606,1,-0.16632363881108958,-0.03326442128065876,-0.6908333333531566,0.7113513681875733,0.16938953796704778,0.03387759243460446,0.6908333333549448,0.7121033642078651,0.004770217921637173,0.000954034681654836,0.0,0.0,0.0,0,0.0,0.0
1762438742.9924715,0.783199243,1,-0.16666144719504672,-0.03333202535783064,-0.692500000011072,0.7130521102352458,0.16947957207865938,0.033895643393427995,0.6925000000124774,0.7137425936640611,0.004601032239138524,0.0009201990676801972,0.0,0.0,0.0,0,0.0,0.0
1762438743.091876,0.882599587,1,-0.16702651324645146,-0.033405075237043835,-0.6941666666706634,0.7147594814310052,0.16978936058625196,0.033957638832162906,0.6941666666717382,0.7154361671885872,0.004608890260011595,0.0009217717003831597,0.0,0.0,0.0,0,0.0,0.0
1762438743.192205,0.982889534,1,-0.16850271567833097,-0.033700345265260445,-0.6958333333324561,0.716737683004408,0.1712740476355774,0.03425460654264535,0.6958333333332234,0.7174205218980637,0.004648955199619709,0.0009297855134450161,0.0,0.0,0.0,0,0.0,0.0
1762438743.292469,1.083150554,1,-0.16858836500527374,-0.0337175029847705,-0.6974999999956488,0.7183767513057543,0.17134958693420316,0.03426974299814253,0.6974999999961158,0.7190558714190868,0.004650990883392679,0.0009301934287868066,0.0,0.0,0.0,0,0.0,0.0
1762438743.3922317,1.182906405,1,-0.16913905746284286,-0.033827664695685655,-0.6991666666604753,0.7201294046400986,0.17188146012841052,0.03437614150210341,0.6991666666606998,0.7208044001044118,0.004665163119035478,0.0009330285261131937,0.0,0.0,0.0,0,0.0,0.0
1762438743.492694,1.283379654,1,-0.16977114058188292,-0.033954101139237025,-0.7008333333265183,0.7219019893726611,0.1725009423513579,0.03450005830957103,0.7008333333265583,0.722574695264846,0.004681776066539219,0.0009363516703035387,0.0,0.0,0.0,0,0.0,0.0
1762438743.5921357,1.382810361,1,-0.17043505065475095,-0.03408690012829041,-0.7024999999934375,0.7236824395014869,0.17316313003713416,0.03463251327496275,0.7024999999933501,0.7243556657959229,0.004699640282821659,0.0009399249882068027,0.0,0.0,0.0,0,0.0,0.0
1762438743.6922243,1.482901838,1,-0.17109633767639565,-0.03421917211019121,-0.7041666666609181,0.7254623373701289,0.17382700084425015,0.034765302396412186,0.7041666666607541,0.7261371405659804,0.004717583735593439,0.0009435140861309003,0.0,0.0,0.0,0,0.0,0.0
1762438743.7922442,1.582927463,1,-0.1748552403199195,-0.03497096289886459,-0.7058333333284593,0.7280096275125587,0.17632039690746068,0.03526399310679222,0.7058333333283555,0.728377049345226,0.0033631631132954904,0.0006726309734711787,0.0,0.0,0.0,0,0.0,0.0
1762438743.8927054,1.683356028,1,-0.16779185264610064,-0.0335582905040388,-0.705833333328956,0.7262788439120538,0.17287201403660316,0.03457431908115286,0.7058333333286013,0.7275168803641338,0.023774385342759136,0.004754865618720427,0.001799796602119104,0.0003599584570252,0.1,0,0.0,0.0
1762438743.993029,1.783723418,1,-0.17725732568972674,-0.035451390100995184,-0.7074999999961039,0.7302281907494764,0.1783686518638356,0.035673654579328806,0.7074999999960316,0.7305095725540852,0.0028637974207507658,0.0005727582646968661,0.0,0.0,0.0,0,0.0,0.0
1762438744.0920048,1.882694166,1,-0.17702902704750478,-0.035405741209681985,-0.709166666663787,0.7317856271033341,0.18044598291531405,0.036089130274831085,0.7091666666635902,0.7326530824210155,0.004902295363478544,0.000980457263529197,0.0,0.0,0.0,0,0.0,0.0
1762438744.192,1.982718177,1,-0.17366133122069627,-0.0347322133613539,-0.7108333333315493,0.7325630432813032,0.17694398764624386,0.03538874289665834,0.7108333333313773,0.7333795508895492,0.004806781174021636,0.0009613547439271142,0.0,0.0,0.0,0,0.0,0.0
1762438744.2920868,2.08278927,1,-0.17177757311931074,-0.034355470697979396,-0.712499999999109,0.73371934892871,0.17487519649155575,0.03497499396900186,0.7124999999989704,0.7344799755947229,0.004749256172898552,0.0009498499980020161,0.0,0.0,0.0,0,0.0,0.0
1762438744.3925905,2.183269298,1,-0.17078857584840001,-0.03415767843873896,-0.714166666666461,0.7350983011911625,0.17357416280965723,0.034714794770854374,0.7141666666663645,0.7357765521871448,0.004537775206094351,0.0009075540490629534,0.0,0.0,0.0,0,0.0,0.0
1762438744.49221,2.282883896,1,-0.17043467736140272,-0.034086904553563,-0.7158333333336065,0.7366323760335486,0.17330530109676665,0.03466102838495012,0.715833333333538,0.7373286074664046,0.004704793721959079,0.0009409578765890344,0.0,0.0,0.0,0,0.0,0.0
1762438744.5930893,2.38373957,1,-0.17079659708075745,-0.03415929316075106,-0.7175000000005625,0.7383390717579666,0.1734480584069627,0.03468958471751409,0.7175000000005254,0.7389816278188334,0.004533246238868459,0.0009066485403155777,0.0,0.0,0.0,0,0.0,0.0
1762438744.6927686,2.483381637,1,-0.17155472685220197,-0.03431092294018123,-0.7191666666673693,0.740141174495647,0.17438772490416388,0.0348775219114182,0.7191666666673526,0.7408294099030915,0.004733590106051821,0.0009467173925833654,0.0,0.0,0.0,0,0.0,0.0
1762438744.7924373,2.583118897,1,-0.1575389167076331,-0.0315077637914718,-0.7191666666674016,0.7368934413482422,0.1674792834137722,0.03349583508761004,0.7191666666673802,0.7391697881992186,0.027531297767280888,0.005506256052721244,0.001748416496381375,0.0003496830800991928,0.1,0,0.0,0.0
1762438744.8931906,2.683822197,1,-0.1581439914981022,-0.031628781643240345,-0.7208333333340305,0.7386545852566253,0.1608232960671914,0.03216464209819078,0.7208333333340408,0.7392559713689735,0.020059791802311676,0.004011956228697842,0.0016968582583663254,0.00033937147163065346,0.1,0,0.0,0.0
1762438744.9924984,2.78313453,1,-0.15868017355698782,-0.03173602058488578,-0.7225000000006058,0.7404004473820336,0.1612934394539959,0.032258673377112385,0.7225000000006231,0.74098748006957,0.020119572720312638,0.004023912736321739,0.0017020268005465407,0.00034040520743115624,0.1,0,0.0,0.0
1762438745.0932074,2.883846825,1,-0.15928318297411082,-0.03185662463045347,-0.7241666666671507,0.742161261467494,0.1619954313939034,0.03239907397102438,0.7241666666671724,0.742771553641172,0.020355861227319888,0.004071170701948319,0.0017079496250242284,0.0003415897957357766,0.1,0,0.0,0.0
1762438745.1923797,2.983035286,1,-0.16024648165426214,-0.03204928616072733,-0.7258333333336895,0.744002768411702,0.16290359603974486,0.03258070875307794,0.7258333333337111,0.7446026537448409,0.020471521895954043,0.004094303067892151,0.0017177760900404949,0.0003435551081751655,0.1,0,0.0,0.0
1762438745.2927995,3.083423898,1,-0.1620280869123203,-0.03240560865304776,-0.7275000000002393,0.7460291377828275,0.16419866747282894,0.03283972456813832,0.7275000000002556,0.7465225381125045,0.02012345008004137,0.004024688924787579,0.0016976585746708672,0.0003395316230207157,0.1,0,0.0,0.0
1762438745.392848,3.183488723,1,-0.16412101634339393,-0.032824195738859085,-0.7291666666668069,0.7481291089173537,0.16646508530661774,0.033293009350206744,0.7291666666668216,0.7486675342738833,0.020461374718790195,0.004092274001545576,0.0016607485245517448,0.00033214962862167106,0.1,0,0.0,0.0
1762438745.4935324,3.284141142,1,-0.16538752267517864,-0.033077498082279444,-0.7308333333333901,0.7500430085316507,0.16775398433212213,0.0335507902586077,0.7308333333334015,0.7505893790199071,0.020588274896366075,0.004117654173856736,0.0016538752267517866,0.0003307749808227945,0.1,0,0.0,0.0
1762438745.5924504,3.383083306,1,-0.1670823945446518,-0.03341647334615239,-0.7324999999999972,0.7520568045418276,0.16965609578786164,0.03393121345067624,0.732500000000006,0.7526558098388827,0.004433909195749308,0.0008867816894734283,0.0,0.0,0.0,0,0.0,0.0
1762438745.6926937,3.48329977,1,-0.16823222663443183,-0.03364644055072885,-0.7341666666666227,0.7539461913720981,0.171001907552081,0.034200376602040373,0.7341666666666287,0.754593938877434,0.004641608258356642,0.0009283215179560758,0.0,0.0,0.0,0,0.0,0.0
1762438745.7923512,3.58303302,1,-0.16894886353798988,-0.03378976861880023,-0.735833333333265,0.7557355102140128,0.17172300905087093,0.034344597609102946,0.7358333333332681,0.7563855086308602,0.004661147241847921,0.0009322293339293694,0.0,0.0,0.0,0,0.0,0.0
1762438745.8924375,3.68308905,1,-0.16938632756442118,-0.03387726201605501,-0.7374999999999216,0.7574599968627717,0.17181961569168502,0.034363919558397564,0.7374999999999223,0.7580297548933945,0.004317157161519565,0.0008634313420558474,0.0,0.0,0.0,0,0.0,0.0
1762438745.9925146,3.783124755,1,-0.1704780929668157,-0.034095615578959126,-0.7391666666665893,0.7593369820404555,0.17325341459424157,0.0346506798234631,0.7391666666665885,0.7599899844022865,0.004702475203701777,0.0009404949564358158,0.0,0.0,0.0,0,0.0,0.0
1762438746.0977051,3.888289257,1,-0.1711582789414816,-0.03423165319561816,-0.740833333333264,0.7611182498852528,0.1737779139196545,0.03475558012632135,0.7408333333332622,0.7617353487228069,0.00454151119607503,0.000908302169532152,0.0,0.0,0.0,0,0.0,0.0
1762438746.192445,3.983093689,1,-0.17177545394947913,-0.034355088557783464,-0.7424999999999415,0.7628848724999572,0.1744047785356366,0.03488095341946958,0.7424999999999398,0.7635050475847729,0.004557886289657677,0.0009115771979522789,0.0,0.0,0.0,0,0.0,0.0
1762438746.2928722,4.083492732,1,-0.17327812221119387,-0.03465562250210574,-0.7441666666666211,0.7648596914374269,0.17577136575528665,0.03515427116556346,0.7441666666666187,0.7654511242256863,0.00441642060356484,0.0008832840706679273,0.0,0.0,0.0,0,0.0,0.0
1762438746.3947465,4.185358522,1,-0.17423694888392482,-0.03484738809756083,-0.7458333333333,0.7667073861158916,0.17676038108546724,0.03535207449823743,0.7458333333332984,0.7673078668982012,0.004441432091495501,0.0008882863749714591,0.0,0.0,0.0,0,0.0,0.0
1762438746.4929771,4.283590294,1,-0.17469856647730175,-0.03493971184831457,-0.7474999999999774,0.7684377805608166,0.17724124558825707,0.0354482476361782,0.7474999999999757,0.7690430985309707,0.004453644203649459,0.0008907288033840734,0.0,0.0,0.0,0,0.0,0.0
1762438746.5927322,4.383305646,1,-0.1753001468771096,-0.03506002812633202,-0.7491666666666545,0.7702012993443867,0.17823383119687858,0.0356467649560442,0.7491666666666528,0.7709012160318418,0.004838341219563673,0.0009676682089549444,0.0,0.0,0.0,0,0.0,0.0
1762438746.6924024,4.483034888,1,-0.1761249118925967,-0.035224981298169755,-0.7508333333333292,0.7720177966478944,0.17854051597360576,0.035708102090069076,0.7508333333333285,0.7725946407032819,0.004306483041786096,0.0008612965816267128,0.0,0.0,0.0,0,0.0,0.0
1762438746.792687,4.583293998,1,-0.1754855890078577,-0.035097116879765355,-0.7525000000000015,0.7734877177840052,0.17843542659334813,0.03568708437139098,0.7525000000000005,0.7741892659127235,0.004843964961728491,0.0009687929665398594,0.0,0.0,0.0,0,0.0,0.0
1762438746.8957393,4.683955824,1,-0.16195003264051344,-0.032390005714086456,-0.7525000000000058,0.7704110432375892,0.17177239326789095,0.034354477761135704,0.7525000000000028,0.772620369412575,0.027900793720248552,0.00558015860044801,0.0018782023043727824,0.00037564045130706117,0.1,0,0.0,0.0
1762438746.992808,4.783129146,1,-0.1611356581879555,-0.03222713094754903,-0.754166666666674,0.7718618072037884,0.1639132941337616,0.03278265811796063,0.7541666666666741,0.7724698258043369,0.020684579941399068,0.004136915898355036,0.0018685463081950045,0.0003737092535190332,0.1,0,0.0,0.0
1762438747.092369,4.882994657,1,-0.16118587127026807,-0.032237173667268415,-0.7558333333333407,0.773501227045567,0.16387024531992936,0.03277404846139343,0.7558333333333408,0.7740876070132843,0.020639406887829895,0.004127881301323105,0.0018476360894614395,0.00036952721107088904,0.1,0,0.0,0.0
1762438747.1927507,4.983353833,1,-0.16173874826221635,-0.032347749152375815,-0.7575000000000074,0.7752496691806227,0.16434895107463124,0.03286978970160375,0.7575000000000074,0.7758203727631612,0.02066271720964444,0.004132543377159544,0.0018328716979360633,0.0003665743338459673,0.1,0,0.0,0.0
1762438747.292626,5.083253127,1,-0.16346800574651255,-0.03269360071857319,-0.7591666666666741,0.7772545839095942,0.1659082855250234,0.03318165666356163,0.7591666666666741,0.7777921376065589,0.020577707644149592,0.004115541474074258,0.0017725133973133186,0.0003545026747518124,0.1,0,0.0,0.0
1762438747.3933737,5.183870535,1,-0.16455339749867903,-0.03291067913126611,-0.7608333333333408,0.7791202054499433,0.1671591227848389,0.03343182417868967,0.7608333333333407,0.7796968771960254,0.0207888163984563,0.004157763232811081,0.0017245550630153302,0.00034491100872195853,0.1,0,0.0,0.0
1762438747.4925294,5.283165282,1,-0.16503149395407846,-0.03300629847744707,-0.7625000000000075,0.7808527772479962,0.1677810274931989,0.03355620517648965,0.7625000000000074,0.7814619261950845,0.021052318054912155,0.004210463570678507,0.001749282455659175,0.00034985648778962196,0.1,0,0.0,0.0
1762438747.5928373,5.383464249,1,-0.16625576632205075,-0.03325115299562098,-0.7641666666666742,0.7827498409168324,0.16899644828665675,0.03379928938109531,0.7641666666666742,0.7833599976643099,0.021142127864248378,0.0042284255384587655,0.0017221840279802217,0.00034443680280146863,0.1,0,0.0,0.0
1762438747.6927028,5.483294317,1,-0.16714530860459575,-0.03342906149083591,-0.7658333333333407,0.7845736108136313,0.16988945032824435,0.033977889829233665,0.7658333333333408,0.785186357990596,0.021222561244160162,0.0042445122194690755,0.0017113572360965552,0.00034227144485779817,0.1,0,0.0,0.0
1762438747.7924256,5.583071918,1,-0.16808859802016407,-0.03361771940667646,-0.7675000000000074,0.786409675577877,0.1706602308347278,0.0341320459645688,0.7675000000000074,0.7869854896694737,0.02113256765023507,0.004226513505140846,0.0017009039293375858,0.00034018078386807276,0.1,0,0.0,0.0
1762438747.8928068,5.683385488,1,-0.16903092908265904,-0.033806185646914066,-0.7691666666666741,0.7882459478396721,0.17160788057758178,0.03432157594163274,0.7691666666666741,0.788824819819058,0.021218761294799285,0.0042437522376082976,0.0016903092908265905,0.0003380618564691407,0.1,0,0.0,0.0
1762438747.9928782,5.783484185,1,-0.170512919600613,-0.03410258377332154,-0.7708333333333408,0.7902035622221218,0.17294913263560693,0.03458982637687337,0.7708333333333408,0.7907539986278794,0.004345385895523643,0.000869077175317498,0.0,0.0,0.0,0,0.0,0.0
1762438748.093631,5.884227567,1,-0.17146289747928378,-0.03429257936927055,-0.7725000000000075,0.7920427742311653,0.17410134836377883,0.03482026954297234,0.7725000000000075,0.7926411424302569,0.004550077118658132,0.0009100154203284708,0.0,0.0,0.0,0,0.0,0.0
1762438748.1927106,5.983318792,1,-0.17193112562182478,-0.03438622501558353,-0.774166666666674,0.7937737411921606,0.17458911545799283,0.03491782298006853,0.774166666666674,0.7943768887473129,0.00456293239491841,0.0009125864760591522,0.0,0.0,0.0,0,0.0,0.0
1762438748.2955031,6.086122659,1,-0.1726157225730418,-0.03452314442085269,-0.7758333333333407,0.795553515667701,0.175463272208139,0.035092654345345746,0.7758333333333408,0.7962011149163961,0.004762778545855116,0.000952555706548679,0.0,0.0,0.0,0,0.0,0.0
1762438748.3924649,6.183105665,1,-0.1741771987875005,-0.03483543967597447,-0.7775000000000074,0.7975321024478517,0.17671579651737213,0.03534315921999958,0.7775000000000074,0.7981126873082717,0.004440439932399098,0.0008880879843754416,0.0,0.0,0.0,0,0.0,0.0
1762438748.4917197,6.282461162,1,-0.17353228454878433,-0.034706456840295274,-0.7791666666666741,0.7990110677403558,0.1765904015237022,0.035318080233273784,0.7791666666666742,0.7997075910269469,0.00497169795763509,0.0009943395895078786,0.0,0.0,0.0,0,0.0,0.0
1762438748.592414,6.383100738,1,-0.17339774005715825,-0.03467954795192929,-0.7808333333333408,0.8006061089871449,0.17625199758690488,0.03525039945628832,0.7808333333333408,0.8012540494497724,0.004784170847996214,0.0009568341679354098,0.0,0.0,0.0,0,0.0,0.0
1762438748.692053,6.482729221,1,-0.17341363605820703,-0.034682727160536775,-0.7825000000000073,0.8022352714349026,0.17624281048550514,0.03524856204465483,0.7825000000000073,0.8028762291748691,0.004783705195047672,0.0009567410375813917,0.0,0.0,0.0,0,0.0,0.0
1762438748.7923634,6.582825526,1,-0.17355252519868358,-0.03471050499573103,-0.7841666666666742,0.803892193811472,0.17636434774394383,0.035272869503647046,0.7841666666666743,0.8045283833335473,0.004786828361372822,0.0009573656710454927,0.0,0.0,0.0,0,0.0,0.0
1762438748.8920798,6.682726962,1,-0.17377045771783273,-0.03475409150558395,-0.7858333333333407,0.8055669100885617,0.17657133536593367,0.03531426703423835,0.7858333333333407,0.8062000754818024,0.004792311762420332,0.0009584623514237629,0.0,0.0,0.0,0,0.0,0.0
1762438748.9921477,6.782809943,1,-0.17401576709037236,-0.03480315338522999,-0.7875000000000074,0.8072477913761167,0.17681597868584722,0.035363195703499564,0.7875000000000074,0.8078803722885026,0.0047989082865555885,0.0009597816563945961,0.0,0.0,0.0,0,0.0,0.0
1762438749.0920205,6.882712755,1,-0.174269735979804,-0.034853947167514665,-0.7891666666666741,0.8089306313210151,0.17706820939249476,0.03541364184934541,0.7891666666666741,0.8095624154963518,0.004805695370739253,0.0009611390733543367,0.0,0.0,0.0,0,0.0,0.0
1762438749.1920688,6.982761395,1,-0.17450789395482857,-0.034901578766302954,-0.7908333333333408,0.8106099471164002,0.17731005818205348,0.03546201161113821,0.790833333333341,0.811242116825276,0.004812265501508275,0.0009624530996138117,0.0,0.0,0.0,0,0.0,0.0
1762438749.2920692,7.082757077,1,-0.17472744054520106,-0.034945488087638754,-0.7925000000000075,0.8122851196576065,0.17753272940269837,0.03550654585861294,0.7925000000000076,0.812917483394221,0.0048183055826613985,0.0009636611159355361,0.0,0.0,0.0,0,0.0,0.0
1762438749.392062,7.182769719,1,-0.174926714246185,-0.0349853428306508,-0.794166666666674,0.8139557875059312,0.17773743849139398,0.03554748767923825,0.794166666666674,0.8145888013999725,0.004823869019183682,0.0009647738033185561,0.0,0.0,0.0,0,0.0,0.0
1762438749.4923942,7.283028265,1,-0.1754165572007107,-0.03508331142394994,-0.7958333333333407,0.8156914255556915,0.17806522740269978,0.035613045463976645,0.7958333333333406,0.8162880672052302,0.0046532467162683794,0.00093064934281969,0.0,0.0,0.0,0,0.0,0.0
1762438749.592663,7.383272986,1,-0.17556746307255366,-0.035113492600436835,-0.7975000000000074,0.8173512962321313,0.17838347075879313,0.03567669413734316,0.7975000000000074,0.8179851704918216,0.004841362270079847,0.000968272453623675,0.0,0.0,0.0,0,0.0,0.0
1762438749.6921606,7.482826988,1,-0.17567907904962787,-0.03513581579769154,-0.7991666666666741,0.8190024575534666,0.17850411003164354,0.03570082199379676,0.7991666666666741,0.8196374973732868,0.004844697188413379,0.000968939437341632,0.0,0.0,0.0,0,0.0,0.0
1762438749.7920728,7.582764998,1,-0.1757511458587846,-0.03515022916111965,-0.8008333333333408,0.8206448876697794,0.17858053831306672,0.035716107651717836,0.8008333333333407,0.8212799016095326,0.00484681193419839,0.0009693623865431754,0.0,0.0,0.0,0,0.0,0.0
1762438749.892085,7.682758041,1,-0.17582439413446593,-0.03516487881763819,-0.8025000000000073,0.8222876846183597,0.17865233032954364,0.03573046605643092,0.8025000000000072,0.822921364005576,0.004848737016958854,0.0009697474031338621,0.0,0.0,0.0,0,0.0,0.0
1762438749.9921076,7.782776891,1,-0.17590575206456016,-0.035181150404856254,-0.804166666666674,0.8239323848053293,0.1787329014182524,0.03574658027540057,0.804166666666674,0.8245649130472155,0.004850905087022686,0.00097018101718005,0.0,0.0,0.0,0,0.0,0.0
1762438750.0919828,7.882678498,1,-0.17598757157730738,-0.03519751430844975,-0.8058333333333407,0.8255772837683304,0.17864887585746245,0.03572977516432178,0.8058333333333407,0.8261715310936047,0.004668531028844346,0.0009337062055810066,0.0,0.0,0.0,0,0.0,0.0
1762438750.1937072,7.983791183,1,-0.17605051640144787,-0.035210103274181836,-0.8075000000000074,0.827218100441357,0.17888382726127017,0.03577676544599977,0.8075000000000073,0.827850016972537,0.004855027366759372,0.0009710054731816907,0.0,0.0,0.0,0,0.0,0.0
1762438750.2922873,8.082997706,1,-0.17673749482204038,-0.03534749895906053,-0.8091666666666741,0.8289971545205014,0.1794131852996487,0.035882637054461715,0.809166666666674,0.8295946896803309,0.004688508108879554,0.0009377016216326555,0.0,0.0,0.0,0,0.0,0.0
1762438750.3933055,8.18397161,1,-0.17866334732604372,-0.03573266946047715,-0.8108333333333406,0.8310524109759712,0.18051879709170243,0.03610375941353572,0.8108333333333407,0.8314693091098926,0.0038074205011856452,0.0007614841001355667,0.0,0.0,0.0,0,0.0,0.0
1762438750.4960568,8.286734734,1,-0.18069217269107085,-0.03613843453402632,-0.8125000000000075,0.8331337814075254,0.18336939196009572,0.03667387838773622,0.8125000000000075,0.8337419008685037,0.004607952251541799,0.0009215904502004299,0.0,0.0,0.0,0,0.0,0.0
1762438750.592136,8.382816811,1,-0.18037342100051035,-0.03607468419647608,-0.814166666666674,0.834687555289059,0.18329243910375442,0.036658487817033236,0.8141666666666741,0.8353486242717817,0.0047915171741189895,0.0009583034347263141,0.0,0.0,0.0,0,0.0,0.0
1762438750.69404,8.484658621,1,-0.17832578447742442,-0.035665156892397576,-0.8158333333333407,0.8358565167559789,0.18135867799394204,0.03627173559561877,0.8158333333333407,0.8365348986531397,0.00492369641520051,0.0009847392829537816,0.0,0.0,0.0,0,0.0,0.0
1762438750.7930918,8.583680349,1,-0.17810178602791105,-0.035620357202914565,-0.8175000000000074,0.8374337621768108,0.18091287850365956,0.03618257569799832,0.8175000000000076,0.8380601997426161,0.004728740581455905,0.0009457481162195091,0.0,0.0,0.0,0,0.0,0.0
1762438750.893423,8.684060834,1,-0.16240926315049542,-0.03248185262777037,-0.8175000000000074,0.8341091592275146,0.17315414973680013,0.034630829944799706,0.8175000000000077,0.8363539346196396,0.028908284775241617,0.005781656954624851,0.0018831757152907554,0.00037663514303085295,0.1,0,0.0,0.0
1762438750.9938533,8.78448834,1,-0.1622128866855519,-0.0324425773351078,-0.8191666666666741,0.83570303888929,0.1649472357023346,0.03298944713841348,0.8191666666666741,0.8362594824371977,0.020776890006804237,0.00415537800110124,0.001859926073706336,0.000371985214718038,0.1,0,0.0,0.0
1762438751.0927703,8.883422144,1,-0.16334981703233176,-0.032669963404730495,-0.8208333333333409,0.837566624421297,0.16587628267629942,0.033175256533482245,0.8208333333333407,0.8380828717446105,0.020573845328970112,0.004114769065573526,0.001772066499864173,0.00035441329995386213,0.1,0,0.0,0.0
1762438751.1924818,8.983127466,1,-0.16363830809704716,-0.03272766161792129,-0.8225000000000073,0.8392585094664536,0.1664768310810579,0.033295366214682945,0.8225000000000072,0.839838893299288,0.02095095998127814,0.0041901919960634065,0.001774927949151979,0.00035498558981413437,0.1,0,0.0,0.0
1762438751.2928474,9.083524884,1,-0.16359225579305203,-0.03271845115734262,-0.824166666666674,0.8408826420173338,0.16651943013432902,0.033303886025561384,0.8241666666666742,0.8414799842427162,0.021140808469063604,0.0042281616936471825,0.0017936216230653042,0.0003587243245990372,0.1,0,0.0,0.0
1762438751.3921654,9.182829976,1,-0.164278012279496,-0.03285560245481056,-0.8258333333333407,0.8426550008014119,0.1669828862701391,0.03339657725291105,0.8258333333333406,0.8432077502749679,0.021047357740166164,0.004209471547892462,0.001800467640316409,0.0003600935280512533,0.1,0,0.0,0.0
1762438751.4942634,9.284947537,1,-0.16520737272061936,-0.03304147454318551,-0.8275000000000075,0.844477036420322,0.1677207489670469,0.03354414979244855,0.8275000000000072,0.8449921358328594,0.020986793166772568,0.004197358633234198,0.0018101837686355358,0.0003620367537167395,0.1,0,0.0,0.0
1762438751.591959,9.382631208,1,-0.16653523093780365,-0.03330704618674796,-0.8291666666666742,0.846380944717163,0.16920904695005573,0.0338418093891773,0.829166666666674,0.8469323058802297,0.02129693284171072,0.004259386568237272,0.0018045641816563953,0.00036091283632240495,0.1,0,0.0,0.0
1762438751.6922843,9.48295512,1,-0.16747838067909804,-0.03349567613511528,-0.8308333333333406,0.8482069299955237,0.16999938548021543,0.03399987709532204,0.8308333333333405,0.848728349051649,0.021240635829475548,0.004248127165805053,0.0018146863913013316,0.0003629372782525819,0.1,0,0.0,0.0
1762438751.7923136,9.58300422,1,-0.16811373524562612,-0.033622747048517976,-0.8325000000000073,0.8499699801153787,0.1707940969180796,0.034158819382992665,0.8325000000000073,0.8505255425228067,0.021527642323098575,0.004305528464541116,0.0018416743269864607,0.0003683348653905759,0.1,0,0.0,0.0
1762438751.892077,9.682756492,1,-0.1690525303579662,-0.033810506071066726,-0.834166666666674,0.8517957126676576,0.17173612941587318,0.034347225882634856,0.8341666666666742,0.8523538337160035,0.021646373273391264,0.004329274654610193,0.001851847813813911,0.00037036956275696527,0.1,0,0.0,0.0
1762438751.9921343,9.782809723,1,-0.16995192026184647,-0.03399038405191268,-0.8358333333333408,0.853613708020091,0.1726435235341638,0.03452870470636473,0.8358333333333408,0.8541752623309308,0.02176078821339696,0.004352157642620408,0.0018616469225734699,0.00037232938450965433,0.1,0,0.0,0.0
1762438752.0921803,9.882841671,1,-0.1707801470713104,-0.03415602941386631,-0.8375000000000075,0.8554172917231868,0.17348422146955442,0.03469684429350527,0.8375000000000073,0.855982999891258,0.021835343374937345,0.004367068674936436,0.001850239831936186,0.00037004796638291843,0.1,0,0.0,0.0
1762438752.1922696,9.982888622,1,-0.17152304121360018,-0.0343046082423748,-0.8391666666666739,0.8572033914178605,0.17424379882644486,0.03484875976493613,0.8391666666666737,0.8577738815859813,0.021962472236587732,0.004392494447273064,0.0018788944319536906,0.00037577888638693613,0.1,0,0.0,0.0
1762438752.2924657,10.083152455,1,-0.1721787451446044,-0.03443574902862068,-0.8408333333333409,0.8589714986745427,0.17491769688507547,0.034983539376708284,0.8408333333333408,0.8595468242948476,0.02204752676926718,0.004409505353814776,0.00188616590236642,0.0003772331804699802,0.1,0,0.0,0.0
1762438752.392325,10.182977802,1,-0.1729962166859309,-0.034599243336923546,-0.8425000000000074,0.8607735176149099,0.1757642619482939,0.035152852389390095,0.8425000000000072,0.8613565166696953,0.022122071284019346,0.00442441425677007,0.0018744948808654483,0.0003748989761702282,0.1,0,0.0,0.0
1762438752.492175,10.282845144,1,-0.17338913263014,-0.03467782652579965,-0.8441666666666741,0.8624869298012053,0.1761664937327226,0.03523329874631105,0.8441666666666741,0.8630720595441331,0.02217264252191638,0.004434528504353906,0.0018787733997245287,0.0003757546799424193,0.1,0,0.0,0.0
1762438752.592151,10.382824873,1,-0.1737484371057718,-0.0347496874209563,-0.8458333333333408,0.8641933163073774,0.1765304430677382,0.03530608861334455,0.8458333333333408,0.8647794776708427,0.022218455778884136,0.004443691155751294,0.001882656724786392,0.0003765313449551181,0.1,0,0.0,0.0
1762438752.69647,10.48712816,1,-0.1744095415428486,-0.0348819083083991,-0.8475000000000075,0.8659628662410617,0.1770310723474394,0.03540621446931261,0.8475000000000075,0.8665159263392358,0.022086935656930973,0.004417387131364352,0.0018688564237048966,0.0003737712847391344,0.1,0,0.0,0.0
1762438752.7924032,10.583057144,1,-0.17438950743255077,-0.03487790148636405,-0.8491666666666742,0.8675898778181145,0.17718045573512625,0.03543609114687469,0.8491666666666741,0.868177780312343,0.022300280205914833,0.004460056041164039,0.0018895920067750172,0.0003779184013534026,0.1,0,0.0,0.0
1762438752.8920274,10.682706109,1,-0.1746622846054784,-0.034932456920969024,-0.8508333333333407,0.8692781783303111,0.17745861635651847,0.03549172327117367,0.8508333333333407,0.8698669921608998,0.02233527689459465,0.004467055378902582,0.0018925556939836687,0.00037851113879535026,0.1,0,0.0,0.0
1762438752.9920232,10.782701668,1,-0.17490788422206194,-0.03498157684430092,-0.8525000000000074,0.8709608077758519,0.17770935185312436,0.03554187037051015,0.8525000000000071,0.8715503934285751,0.022366820371046894,0.004473364074194913,0.001895226516863896,0.0003790453033715546,0.1,0,0.0,0.0
1762438753.0924041,10.883055887,1,-0.17512806112954848,-0.035025612225811464,-0.8541666666666741,0.8726381413571406,0.17793416531020725,0.0355868330619413,0.8541666666666741,0.8732283116782664,0.022395095848398758,0.0044790191696671535,0.0018976202205056754,0.0003795240441000684,0.1,0,0.0,0.0
1762438753.192341,10.982987326,1,-0.17530617040198493,-0.03506123408031181,-0.8558333333333408,0.8743067184693833,0.17811916136610234,0.03562383227313278,0.8558333333333409,0.874897815471067,0.022418336585156327,0.004483667317020233,0.001899583424449544,0.0003799166848889754,0.1,0,0.0,0.0
1762438753.2923086,11.082985982,1,-0.17576768781473895,-0.035153537562873094,-0.8575000000000075,0.8760344178643535,0.17859313532390095,0.0357186270647036,0.8575000000000076,0.8766285292552495,0.02244510422195183,0.004489020844380795,0.001883533340060076,0.00037670666801121425,0.1,0,0.0,0.0
1762438753.3925166,11.183151927,1,-0.1758576001750356,-0.035171520034943615,-0.8591666666666742,0.8776846201637665,0.17868394230560397,0.035736788461055685,0.8591666666666742,0.8782781053849098,0.022456532931419346,0.004491306586275699,0.0018844930708714841,0.00037689861417361173,0.1,0,0.0,0.0
1762438753.4920776,11.282740963,1,-0.17591778890549215,-0.03518355778104132,-0.8608333333333407,0.8793287092830073,0.17875078132455366,0.0357501562648525,0.8608333333333406,0.8799226916467662,0.022464819093468657,0.004492963818686408,0.001885179311071883,0.0003770358622137619,0.1,0,0.0,0.0
1762438753.5922568,11.382917198,1,-0.1762885910587073,-0.03525771821169332,-0.8625000000000074,0.8810374702763624,0.17895764781582113,0.035791529563114904,0.8625000000000074,0.881596916566892,0.022294038435364073,0.004458807687066698,0.0018680139945243496,0.00037360279890435815,0.1,0,0.0,0.0
1762438753.6922786,11.482958979,1,-0.17629179474384138,-0.03525835894872742,-0.8641666666666741,0.8826698004053116,0.1789660343313441,0.03579320686622688,0.8641666666666741,0.8832293150025349,0.02229488069962829,0.004458976139920459,0.0018680741970642583,0.0003736148394124174,0.1,0,0.0,0.0
1762438753.7922962,11.582992787,1,-0.17630130940222877,-0.0352602618804112,-0.8658333333333408,0.8843035671509754,0.17913823050845223,0.03582764610165506,0.8658333333333407,0.884896314245917,0.022480594869758088,0.004496118973947177,0.001868145935863051,0.000373629187172242,0.1,0,0.0,0.0
1762438753.892173,11.682859597,1,-0.17632363060568323,-0.03526472612110698,-0.8675000000000075,0.8859401072411042,0.17916069216085906,0.03583213843214142,0.8675000000000077,0.8865318639283033,0.022483418655767397,0.004496683731149719,0.0018683812385794252,0.0003736762477155745,0.1,0,0.0,0.0
1762438753.9921255,11.782800506,1,-0.17634753397037173,-0.035269506794048944,-0.8691666666666742,0.887577086957175,0.17918716680355912,0.03583743336068555,0.8691666666666741,0.8881683718875748,0.022486721286700113,0.004497344257336733,0.001868654891019791,0.00037373097820368517,0.1,0,0.0,0.0
1762438754.0921175,11.882787432,1,-0.17667470722266643,-0.03533494144450966,-0.8708333333333407,0.8892767874534672,0.1793493639256766,0.035869872785111494,0.8708333333333408,0.889833431917807,0.022276759619639135,0.00445535192392484,0.001829859274543835,0.00036597185490852097,0.1,0,0.0,0.0
1762438754.1924882,11.983142671,1,-0.1763279264911528,-0.03526558529821111,-0.8725000000000074,0.8908374987432375,0.17916728790983738,0.035833457581947385,0.8725000000000074,0.8914264993476786,0.02248415873174896,0.004496831746347298,0.0018684374703849956,0.00037368749407679303,0.1,0,0.0,0.0
1762438754.292129,12.082672645,1,-0.17633543189927892,-0.035267086379837664,-0.8741666666666741,0.8924714634294769,0.1791752148331257,0.03583504296660676,0.874166666666674,0.893059499152234,0.022485235998884235,0.004497047199774543,0.00186853090843556,0.00037370618168692095,0.1,0,0.0,0.0
1762438754.3920808,12.182743072,1,-0.17634196379401956,-0.03526839275878668,-0.8758333333333408,0.8941053492180383,0.1791790955278271,0.03583581910554816,0.8758333333333409,0.8946917804377812,0.022485720188299755,0.004497144037657792,0.0018685721501384383,0.00037371443002750756,0.1,0,0.0,0.0
1762438754.4921823,12.282848448,1,-0.17635689965780088,-0.0352713799315465,-0.8775000000000075,0.8957410765947939,0.17919785472808974,0.03583957094560391,0.8775000000000073,0.8963272817362681,0.022488004718284424,0.004497600943655117,0.0018687571171913013,0.0003737514234381139,0.1,0,0.0,0.0
1762438754.59355,12.384203227,1,-0.17668682449900608,-0.03533736489978967,-0.879166666666674,0.8974413580214554,0.17935973633812657,0.03587194726761396,0.8791666666666739,0.897992616560873,0.02231116242060315,0.004462232484119212,0.001851080587677637,0.00037021611753540907,0.1,0,0.0,0.0
1762438754.6929646,12.483634086,1,-0.17669426570789426,-0.03533885314156837,-0.8808333333333407,0.8990756693329752,0.1793674235795519,0.03587348471589974,0.8808333333333408,0.899626000434821,0.022312130124183604,0.004462426024835405,0.0018511618741278658,0.00037023237482546414,0.1,0,0.0,0.0
1762438754.7922022,12.582831908,1,-0.1766656979616581,-0.035333139592322205,-0.8825000000000074,0.9007027531820603,0.17951453815824844,0.0359029076316402,0.8825000000000074,0.9012883768176467,0.02249455510316366,0.004498911020631554,0.0018509035128611258,0.00037018070257212814,0.1,0,0.0,0.0
1762438754.892255,12.682946223,1,-0.1769406243518734,-0.03538812487036802,-0.8841666666666741,0.9023918208695871,0.17962564417940935,0.03592512883587482,0.8841666666666741,0.9029433433904919,0.02231075366818771,0.0044621507336367085,0.001832638377464577,0.00036652767549284857,0.1,0,0.0,0.0
1762438754.9920838,12.782760947,1,-0.1768542572047327,-0.03537085144094121,-0.8858333333333408,0.904007311844076,0.179713540775582,0.03594270815511094,0.8858333333333409,0.9045935714187218,0.022485947229425284,0.0044971894458843845,0.0018317722473413342,0.00036635444946821194,0.1,0,0.0,0.0
1762438755.092438,12.883098085,1,-0.17676413280899084,-0.035352826561793727,-0.8875000000000075,0.9056222341537535,0.17961675251048145,0.03592335050209219,0.8875000000000076,0.9062057795521508,0.022474084582931358,0.004494816916585762,0.0018308148198177003,0.0003661629639634989,0.1,0,0.0,0.0
1762438755.1920524,12.982724035,1,-0.17669557109505973,-0.03533911421900848,-0.889166666666674,0.9072417202430219,0.17955037535524643,0.03591007507104575,0.889166666666674,0.907824449931231,0.022465620372818157,0.00449312407456322,0.0018301202645680788,0.0003660240529135828,0.1,0,0.0,0.0
1762438755.2934916,13.084169745,1,-0.176634777968113,-0.03532695559361709,-0.8908333333333407,0.9088629524615628,0.17931503016253666,0.03586300603250225,0.8908333333333408,0.9094086336854681,0.02227218989871192,0.004454437979741754,0.001829470837718906,0.00036589416754372994,0.1,0,0.0,0.0
1762438755.393018,13.183669258,1,-0.17695202814987887,-0.035390405629970534,-0.8925000000000074,0.9105606795140138,0.17962723611180795,0.035925447222355834,0.8925000000000073,0.911105280256517,0.022278432641717343,0.004455686528342755,0.0018116193525814994,0.00036232387051624194,0.1,0,0.0,0.0
1762438755.4936988,13.284333599,1,-0.17692565478090572,-0.035385130956175015,-0.8941666666666741,0.9121890278830528,0.17977375366855441,0.03595475073370487,0.8941666666666739,0.9127679740143141,0.02246104200704983,0.004492208401409191,0.0018113631709446429,0.0003622726341888652,0.1,0,0.0,0.0
1762438755.592042,13.382748698,1,-0.17688504614132228,-0.035377009228258594,-0.8958333333333408,0.9138146493909355,0.17973182295408618,0.035946364590811755,0.895833333333341,0.9143921644572526,0.02245584057784384,0.004491168115568049,0.0018109445251651346,0.0003621889050329681,0.1,0,0.0,0.0
1762438755.6922421,13.482912963,1,-0.1772005160191341,-0.03544010320382052,-0.8975000000000075,0.9155120282074717,0.17987496928952046,0.03597499385789728,0.8975000000000075,0.916054285924145,0.022276418688324022,0.00445528373766398,0.0017930620003213534,0.0003586124000642044,0.1,0,0.0,0.0
1762438755.792191,13.582852642,1,-0.17684419547273222,-0.0353688390945428,-0.899166666666674,0.9170744346538896,0.1795199301577839,0.03590398603155289,0.8991666666666741,0.9176149497372346,0.022265000186619786,0.004453000037323488,0.0018105220139179483,0.0003621044027835516,0.1,0,0.0,0.0
1762438755.892011,13.682671656,1,-0.1768260814584366,-0.03536521629168332,-0.9008333333333407,0.9187049885854333,0.179669765095816,0.03593395301915911,0.9008333333333408,0.9192786127794047,0.02244824404078548,0.004489648808156605,0.0018103378802345191,0.0003620675760468648,0.1,0,0.0,0.0
1762438755.991986,13.78266071,1,-0.17680415408437788,-0.035360830816872024,-0.9025000000000074,0.9203349103764158,0.1796478328341202,0.03592956656682057,0.9025000000000074,0.9209074478989129,0.022445478734450304,0.004489095746889622,0.001810113795904759,0.0003620227591809164,0.1,0,0.0,0.0
1762438756.0930176,13.883679768,1,-0.17711861519317118,-0.035423723038632726,-0.9041666666666741,0.9220321063352344,0.17979538484311042,0.03595907696862005,0.9041666666666742,0.9225707543264322,0.0222662906580793,0.004453258131615643,0.0017922379156374727,0.00035844758312747834,0.1,0,0.0,0.0
1762438756.192372,13.983034712,1,-0.17707648533940912,-0.03541529706787827,-0.9058333333333408,0.9236581362735649,0.1797580433502061,0.03595160867003814,0.9058333333333407,0.9241966782524428,0.022261246275372622,0.004452249255074095,0.0017918180332011124,0.0003583636066401866,0.1,0,0.0,0.0
1762438756.292421,14.083067113,1,-0.17703358004391845,-0.0354067160087812,-0.9075000000000073,0.9252841585165641,0.17971094706879295,0.035942189413756695,0.9075000000000074,0.925820779349994,0.02225570281406606,0.004451140562812921,0.0017913809780322034,0.00035827619560641646,0.1,0,0.0,0.0
1762438756.3921432,14.182828361,1,-0.1770024566212811,-0.03540049132425205,-0.9091666666666742,0.926912666983119,0.17984950838410724,0.03596990167681692,0.9091666666666741,0.9274824565836467,0.022437570271824588,0.004487514054364365,0.0017910685943913775,0.0003582137188782316,0.1,0,0.0,0.0
1762438756.4928076,14.283486042,1,-0.17760255535843505,-0.03552051107168541,-0.9108333333333407,0.9286666438974559,0.18029211837947767,0.036058423675893146,0.9108333333333406,0.9292054772647835,0.004711505864106217,0.0009423011728211788,0.0,0.0,0.0,0,0.0,0.0
1762438756.5935192,14.384147059,1,-0.17745899589275105,-0.03549179917855039,-0.9125000000000074,0.9302728702011079,0.180159251953836,0.036031850390766146,0.9125000000000074,0.9308124947094134,0.004708151497035911,0.0009416302994071463,0.0,0.0,0.0,0,0.0,0.0
1762438756.6929877,14.483650304,1,-0.17730372242005465,-0.03546074448401182,-0.9141666666666741,0.9318770137887435,0.1801677138911056,0.03603354277822223,0.9141666666666743,0.9324481303420344,0.004889977742297429,0.0009779955484595136,0.0,0.0,0.0,0,0.0,0.0
1762438756.7931402,14.583803348,1,-0.17715555647824033,-0.03543111129565002,-0.9158333333333408,0.9334828060994043,0.1800200813905742,0.036004016278117036,0.9158333333333409,0.9340525752528507,0.004885997984736564,0.0009771995969473698,0.0,0.0,0.0,0,0.0,0.0
1762438756.8946512,14.685300871,1,-0.17705191772556894,-0.0354103835451145,-0.9175000000000075,0.9350976028378682,0.17973856542448685,0.03594771308489784,0.9175000000000075,0.9356305039794826,0.004697095822070926,0.000939419164414199,0.0,0.0,0.0,0,0.0,0.0
1762438756.9924808,14.78316731,1,-0.17699141486276915,-0.03539828297255454,-0.919166666666674,0.9367210686664705,0.1796719031952915,0.035934380639059404,0.9191666666666739,0.937251638366589,0.004695299988879297,0.0009390599977758885,0.0,0.0,0.0,0,0.0,0.0
1762438757.0922158,14.882873473,1,-0.17695312910311678,-0.035390625820622024,-0.9208333333333407,0.9383490470358836,0.17979851966566232,0.035959703933131554,0.9208333333333406,0.9389114099630025,0.004879840076804636,0.0009759680153609053,0.0,0.0,0.0,0,0.0,0.0
1762438757.193034,14.983693007,1,-0.17692325062405523,-0.03538465012480918,-0.9225000000000074,0.9399788083121082,0.1797690313340966,0.035953806266817656,0.9225000000000074,0.9405401803282435,0.004879043545637696,0.0009758087091275002,0.0,0.0,0.0,0,0.0,0.0
1762438757.2924821,15.083134961,1,-0.176872107731759,-0.035374421546351176,-0.9241666666666741,0.9416045454281778,0.17972249085463396,0.035944498170926126,0.924166666666674,0.9421657011617145,0.004877833646000927,0.0009755667292001644,0.0,0.0,0.0,0,0.0,0.0
1762438757.3923488,15.18302629,1,-0.1771436583675019,-0.03542873167350091,-0.9258333333333408,0.9432933964779676,0.1798281921384815,0.035965638427696234,0.9258333333333411,0.9438215228243271,0.004699404057695706,0.0009398808115391291,0.0,0.0,0.0,0,0.0,0.0
1762438757.4927597,15.283381609,1,-0.17708018988955132,-0.035416037977911596,-0.9275000000000073,0.9449168954978983,0.1799336206332317,0.035986724126647364,0.9275000000000072,0.9454773408958907,0.004883556154768465,0.000976711230953719,0.0,0.0,0.0,0,0.0,0.0
1762438757.59188,15.382561663,1,-0.17698915739117638,-0.03539783147823572,-0.929166666666674,0.9465351883326146,0.1798483323974683,0.035969666479493845,0.929166666666674,0.9470955252862588,0.0048813006660865434,0.0009762601332173145,0.0,0.0,0.0,0,0.0,0.0
1762438757.6919155,15.482588778,1,-0.17689166265217793,-0.03537833253043576,-0.9308333333333407,0.9481524039799426,0.1797473146658143,0.035949462933162764,0.9308333333333406,0.9487107859928715,0.004878549598944973,0.0009757099197889895,0.0,0.0,0.0,0,0.0,0.0
1762438757.7921643,15.582828599,1,-0.17680539559752084,-0.03536107911950337,-0.9325000000000074,0.9497719746491289,0.17966127146452415,0.03593225429290407,0.9325000000000077,0.950329179475635,0.004876231321041946,0.0009752462642083726,0.0,0.0,0.0,0,0.0,0.0
1762438757.8918846,15.682567101,1,-0.17675031457588908,-0.035350062915176395,-0.9341666666666741,0.9513977410956512,0.17959899051954956,0.03591979810390925,0.9341666666666741,0.9519524097362178,0.00487448479597303,0.0009748969591945978,0.0,0.0,0.0,0,0.0,0.0
1762438757.9931347,15.783815553,1,-0.1767222659313905,-0.03534445318627677,-0.9358333333333406,0.9530288649483568,0.17956742917418886,0.035913485834836605,0.9358333333333406,0.9535818097378054,0.0048735996152119865,0.0009747199230423654,0.0,0.0,0.0,0,0.0,0.0
1762438758.0923376,15.883007019,1,-0.17670980886685506,-0.03534196177336746,-0.9375000000000075,0.9546631137798113,0.17971985727366135,0.03594397145472958,0.9375000000000075,0.9552473219969884,0.005058870083121097,0.0010117740166241506,0.0,0.0,0.0,0,0.0,0.0
1762438758.1920967,15.982756362,1,-0.1766940427295438,-0.0353388085459061,-0.939166666666674,0.9562968388023385,0.1795392136934309,0.035907842738682756,0.939166666666674,0.95684780932058,0.004872836406376218,0.0009745672812751436,0.0,0.0,0.0,0,0.0,0.0
1762438758.2927613,16.083443718,1,-0.17699368475622634,-0.03539873695124429,-0.9408333333333407,0.9579912296740795,0.1798419989819722,0.03596839979639379,0.940833333333341,0.9585427645613264,0.004881031762268939,0.0009762063524537683,0.0,0.0,0.0,0,0.0,0.0
1762438758.392194,16.182907084,1,-0.17695281620315306,-0.03539056324063017,-0.9425000000000074,0.959620258815293,0.1797987802782092,0.035959756055641175,0.9425000000000073,0.9601702741936592,0.004879852189322463,0.0009759704378644735,0.0,0.0,0.0,0,0.0,0.0
1762438758.4923568,16.283022112,1,-0.1769268800808117,-0.03538537601616287,-0.9441666666666741,0.96125227707163,0.17977230184477033,0.03595446036895461,0.944166666666674,0.9618011739312072,0.004879118280889578,0.0009758236561779284,0.0,0.0,0.0,0,0.0,0.0
1762438758.5921474,16.382809951,1,-0.17688797275369694,-0.035377594550739744,-0.9458333333333409,0.9628819364520075,0.17973611071081194,0.03594722214216276,0.9458333333333407,0.9634303123307081,0.004878177902544593,0.0009756355805089283,0.0,0.0,0.0,0,0.0,0.0
1762438758.692161,16.48284324,1,-0.17719974522187165,-0.03543994904437531,-0.9475000000000073,0.9645786591538184,0.17970999789470685,0.03594199957894232,0.9475000000000076,0.9650615320678068,0.004515085425207678,0.000903017085041558,0.0,0.0,0.0,0,0.0,0.0
1762438758.7921805,16.582854102,1,-0.17678584336003844,-0.03535716867200911,-0.949166666666674,0.9661370114534201,0.17964337485935508,0.03592867497187258,0.9491666666666739,0.9666850432934286,0.004875752926694774,0.0009751505853390016,0.0,0.0,0.0,0,0.0,0.0
1762438758.8928475,16.683499436,1,-0.17703869379533899,-0.035407738759067886,-0.9508333333333407,0.9678225223885741,0.17972351153753893,0.035944702307508035,0.9508333333333407,0.9683370229425038,0.00469668826258933,0.0009393376525178751,0.0,0.0,0.0,0,0.0,0.0
1762438758.9921374,16.782823047,1,-0.17697643936674012,-0.03539528787334678,-0.9525000000000075,0.9694481608082923,0.17983166818426122,0.03596633363685167,0.9525000000000073,0.9699944618590488,0.004880795844210246,0.0009761591688420391,0.0,0.0,0.0,0,0.0,0.0
1762438759.0919201,16.88259121,1,-0.1768715430109733,-0.03537430860219404,-0.9541666666666742,0.9710658639937653,0.17972811457305346,0.035945622914610356,0.9541666666666744,0.9716111932004985,0.004878045810677487,0.0009756091621354823,0.0,0.0,0.0,0,0.0,0.0
1762438759.191942,16.982613483,1,-0.1768132787969492,-0.035362655759390016,-0.9558333333333406,0.97269255887583,0.17966218364681869,0.03593243672936426,0.9558333333333406,0.9732353268111357,0.004876190404299344,0.0009752380808598788,0.0,0.0,0.0,0,0.0,0.0
1762438759.2923002,17.08297985,1,-0.17710871869965494,-0.035421743739930456,-0.9575000000000073,0.9743861904650665,0.17978989465906997,0.0359579789318141,0.9575000000000075,0.9748967291310371,0.004698369308818237,0.0009396738617636516,0.0,0.0,0.0,0,0.0,0.0
1762438759.3921754,17.182848819,1,-0.1770512192022018,-0.03541024384043823,-0.959166666666674,0.9760131730844026,0.17973307387948936,0.035946614775896064,0.9591666666666742,0.9765228268732256,0.004696918332648607,0.000939383666529674,0.0,0.0,0.0,0,0.0,0.0
1762438759.4933932,17.284067163,1,-0.17700242937961086,-0.03540048587592137,-0.9608333333333408,0.9776419328419758,0.17968642136011306,0.035937284272021024,0.9608333333333408,0.9781510071898464,0.004695697513487446,0.0009391395026974444,0.0,0.0,0.0,0,0.0,0.0
1762438759.5920465,17.382721985,1,-0.176930436281598,-0.035386087256319865,-0.9625000000000075,0.9792664624371258,0.1797832319230585,0.035956646384611386,0.9625000000000073,0.9798066854742022,0.004879486353085582,0.000975897270617104,0.0,0.0,0.0,0,0.0,0.0
1762438759.6918023,17.4824938,1,-0.17686166277332838,-0.03537233255466665,-0.9641666666666739,0.9808917426405575,0.1797159348144789,0.03594318696289705,0.9641666666666739,0.9814311443124357,0.004877684715924681,0.0009755369431849763,0.0,0.0,0.0,0,0.0,0.0
1762438759.791797,17.582506418,1,-0.17678523591277084,-0.035357047182555945,-0.9658333333333409,0.9825157343269347,0.17963774785017583,0.035927549570036695,0.965833333333341,0.9830536796373752,0.004875564896778591,0.0009751129793557553,0.0,0.0,0.0,0,0.0,0.0
1762438759.8922455,17.68292257,1,-0.1767369704067896,-0.03534739408135934,-0.9675000000000074,0.9841451341021443,0.17958632146719075,0.03591726429344012,0.9675000000000074,0.9846814442917345,0.004874142496436856,0.0009748284992874368,0.0,0.0,0.0,0,0.0,0.0
1762438759.9923186,17.782972501,1,-0.17703023060721357,-0.035406046121442714,-0.9691666666666741,0.9858383835236834,0.17970917566552191,0.035941835133105435,0.969166666666674,0.9863423498506533,0.0046962617424901815,0.0009392523484980685,0.0,0.0,0.0,0,0.0,0.0
1762438760.0924258,17.883139934,1,-0.17663511223801365,-0.035327022447605216,-0.9708333333333408,0.9874033231164836,0.17948664934401326,0.035897329868804013,0.9708333333333408,0.9879379720891267,0.004871469834224972,0.0009742939668450262,0.0,0.0,0.0,0,0.0,0.0
1762438760.1922977,17.983005249,1,-0.17692544431944945,-0.03538508886389247,-0.9725000000000075,0.9890960354594263,0.17960383261878377,0.03592076652375971,0.9725000000000075,0.9895979426812817,0.004693521673295316,0.0009387043346591407,0.0,0.0,0.0,0,0.0,0.0
1762438760.2918413,18.082544043,1,-0.17690233881867812,-0.03538046776373838,-0.9741666666666742,0.9907304928299918,0.17957922304370819,0.03591584460874416,0.9741666666666742,0.9912312241285584,0.004692859792575407,0.0009385719585151512,0.0,0.0,0.0,0,0.0,0.0
1762438760.392045,18.182733581,1,-0.1768785228617329,-0.03537570457234818,-0.9758333333333407,0.9923649262081955,0.17972257577777026,0.03594451515555614,0.9758333333333408,0.9928962215954008,0.00487777190013899,0.0009755543800278539,0.0,0.0,0.0,0,0.0,0.0
1762438760.4922287,18.282908216,1,-0.17719126469358493,-0.03543825293871894,-0.9775000000000074,0.9940618009234009,0.17987088732974263,0.03597417746595008,0.9775000000000075,0.994562178827023,0.004700456365008976,0.0009400912730018312,0.0,0.0,0.0,0,0.0,0.0
1762438760.5919735,18.382634344,1,-0.1774242402102466,-0.03548484804205332,-0.9791666666666741,0.9957438910512464,0.180121208729371,0.036024241745878156,0.979166666666674,0.996247337230379,0.004707092042832511,0.0009414184085666055,0.0,0.0,0.0,0,0.0,0.0
1762438760.6927786,18.483440237,1,-0.17717562663188602,-0.035435125326378714,-0.9808333333333408,0.9973368932096566,0.18005957502501263,0.03601191500500465,0.9808333333333407,0.9978739080456549,0.004887233186926327,0.0009774466373853228,0.0,0.0,0.0,0,0.0,0.0
1762438760.7924323,18.583067818,1,-0.1766709350275697,-0.03533418700551483,-0.9825000000000075,0.9988830632535878,0.17953316048547888,0.03590663209709711,0.9825000000000076,0.9994136740821971,0.004872836950393702,0.0009745673900787773,0.0,0.0,0.0,0,0.0,0.0
1762438760.8922687,18.682967138,1,-0.17695216010459802,-0.035390432020919516,-0.9841666666666742,1.0005741239019241,0.1796295854767595,0.035925917095351145,0.9841666666666742,1.0010701710047538,0.004694184094548454,0.0009388368189096712,0.0,0.0,0.0,0,0.0,0.0
1762438760.9920874,18.782795165,1,-0.17690531120938857,-0.03538106224187754,-0.9858333333333407,1.0022049041042356,0.17975624060498274,0.03595124812099631,0.9858333333333409,1.0027323468348968,0.004878745728646764,0.000975749145729344,0.0,0.0,0.0,0,0.0,0.0
1762438761.0923674,18.883052408,1,-0.17684617701936212,-0.03536923540387171,-0.9875000000000074,1.0038335535034841,0.17969659597630697,0.035939319195260964,0.9875000000000076,1.0043598713955602,0.004877135060017063,0.0009754270120034015,0.0,0.0,0.0,0,0.0,0.0
1762438761.1922374,18.982900895,1,-0.17680435658512828,-0.03536087131702592,-0.9891666666666741,1.0054654972559922,0.17965344419348483,0.035930688838697065,0.9891666666666741,1.0059905908384352,0.004875947747723171,0.0009751895495446358,0.0,0.0,0.0,0,0.0,0.0
1762438761.2920794,19.082743919,1,-0.17676092534257748,-0.03535218506851523,-0.9908333333333408,1.0070972625131804,0.17944169589231945,0.03588833917846357,0.9908333333333407,1.007590189292333,0.00468931536165452,0.0009378630723308978,0.0,0.0,0.0,0,0.0,0.0
1762438761.3921022,19.182741991,1,-0.17671209434214497,-0.03534241886843015,-0.9925000000000075,1.0087281600402924,0.17956237626946386,0.03591247525389392,0.9925000000000075,1.0092515062413396,0.004873498442193878,0.0009746996884388018,0.0,0.0,0.0,0,0.0,0.0
1762438761.4920318,19.282703891,1,-0.1769936725372503,-0.03539873450745068,-0.9941666666666742,1.0104193147570362,0.1796757541889366,0.035935150837787685,0.9941666666666744,1.0109115059292897,0.004695424541379873,0.0009390849082759801,0.0,0.0,0.0,0,0.0,0.0
1762438761.5960882,19.386764091,1,-0.17826413172431366,-0.035652826344863,-0.9958333333333407,1.0122910907755698,0.17993999655731213,0.035987999311462474,0.9958333333333407,1.0125994105436165,0.0036137749300060003,0.000722754986001199,0.0,0.0,0.0,0,0.0,0.0
1762438761.6919575,19.482649814,1,-0.17985137655138317,-0.03597027531027619,-0.9975000000000074,1.014222178989071,0.18246994650468737,0.036493989300936766,0.9975000000000075,1.0147085013108619,0.004584975331504746,0.0009169950663009283,0.0,0.0,0.0,0,0.0,0.0
1762438761.7916899,19.582378522,1,-0.1783075895300783,-0.03566151790601335,-0.9991666666666741,1.0155783416955977,0.18128157904967085,0.036256315809932,0.9991666666666741,1.0161257594986184,0.004921052844877994,0.0009842105689755382,0.0,0.0,0.0,0,0.0,0.0
1762438761.8916032,19.682328256,1,-0.17738135946140865,-0.03547627189227853,-1.0008333333333408,1.0170496908523587,0.1803006513992366,0.036060130279844234,1.0008333333333406,1.0175834211512658,0.004894093942328354,0.0009788187884655895,0.0,0.0,0.0,0,0.0,0.0
1762438761.9923625,19.783020729,1,-0.177074455336518,-0.035414891067302,-1.0025000000000075,1.0186342951432807,0.17995447968146322,0.03599089593629078,1.0025000000000075,1.0191590696980222,0.004884387225444618,0.0009768774450888693,0.0,0.0,0.0,0,0.0,0.0
1762438762.092089,19.882740668,1,-0.1768934167159557,-0.03537868334319061,-1.004166666666674,1.0202419451076308,0.17976583489802667,0.03595316697960446,1.004166666666674,1.0207639688277144,0.0048791869143776775,0.0009758373828755075,0.0,0.0,0.0,0,0.0,0.0
1762438762.1923816,19.983031627,1,-0.1767531909306097,-0.035350638186120165,-1.0058333333333407,1.0218571585934981,0.17961353143689177,0.03592270628737681,1.0058333333333407,1.022375741078934,0.004874985286946664,0.0009749970573892969,0.0,0.0,0.0,0,0.0,0.0
1762438762.292073,20.082750758,1,-0.1770037742038184,-0.03540075484076244,-1.0075000000000074,1.0235427687818945,0.17969129549542273,0.03593825909908362,1.0075000000000074,1.024029672491921,0.004695865841652418,0.0009391731683304642,0.0,0.0,0.0,0,0.0,0.0
1762438762.392116,20.182766962,1,-0.1769106838619372,-0.03538213677238833,-1.009166666666674,1.0251666434186222,0.17976548495944508,0.03595309699188902,1.009166666666674,1.0256829997017298,0.004879027044437043,0.0009758054088874015,0.0,0.0,0.0,0,0.0,0.0
1762438762.4938147,20.284458655,1,-0.17746415362938528,-0.035492830725877944,-1.0108333333333408,1.0269066630585872,0.17999045771365849,0.03599809154273244,1.0108333333333408,1.0273638378103855,0.004522240335486507,0.000904448067097318,0.0,0.0,0.0,0,0.0,0.0
1762438762.5924747,20.383151859,1,-0.17764101488780426,-0.03552820297756076,-1.0125000000000073,1.028579036038164,0.18017464127619118,0.03603492825523825,1.0125000000000073,1.0290372526849447,0.004526898030710208,0.0009053796061420398,0.0,0.0,0.0,0,0.0,0.0
1762438762.692161,20.482792756,1,-0.17765612558257793,-0.03553122511651541,-1.0141666666666742,1.0302224005976022,0.1803893866247071,0.03607787732494136,1.0141666666666742,1.0307162421427658,0.004714422926099334,0.0009428845852198679,0.0,0.0,0.0,0,0.0,0.0
1762438762.7929833,20.583636696,1,-0.17732947532321042,-0.03546589506464093,-1.0158333333333407,1.0318046974317705,0.18021841900228475,0.03604368380045574,1.015833333333341,1.0323251361856478,0.004891581412026993,0.0009783162824053692,0.0,0.0,0.0,0,0.0,0.0
1762438762.892599,20.683259107,1,-0.1774142305589237,-0.03548284611178376,-1.0175000000000074,1.0334607353804122,0.18030592539787618,0.03606118507957417,1.0175000000000074,1.0339810858052205,0.004893918826971727,0.0009787837653943243,0.0,0.0,0.0,0,0.0,0.0
1762438762.9922519,20.782924513,1,-0.17745160829831796,-0.03549032165966537,-1.019166666666674,1.0351083666281642,0.18017334536796936,0.036034669073595774,1.019166666666674,1.0355972316498285,0.004708700420437944,0.0009417400840876386,0.0,0.0,0.0,0,0.0,0.0
1762438763.0920796,20.882723754,1,-0.17714651421818672,-0.03542930284363788,-1.0208333333333408,1.0366951419988906,0.17986964478259104,0.03597392895651878,1.020833333333341,1.0371826777975248,0.004700825791324921,0.0009401651582650011,0.0,0.0,0.0,0,0.0,0.0
1762438763.1922076,20.982854399,1,-0.1771957281828076,-0.03543914563656081,-1.0225000000000075,1.0383450819114521,0.18008466590419772,0.036016933180838484,1.0225000000000075,1.0388618562492296,0.004887947553074606,0.000977589510614891,0.0,0.0,0.0,0,0.0,0.0
1762438763.2921538,21.082813494,1,-0.17790987465899022,-0.035581974931797156,-1.024166666666674,1.040113148437395,0.18064674339496184,0.03612934867899172,1.024166666666674,1.0406036406078443,0.004721094504167851,0.0009442189008335574,0.0,0.0,0.0,0,0.0,0.0
1762438763.3921218,21.182762361,1,-0.1771488124392846,-0.03542976248785701,-1.025833333333341,1.0416194111077175,0.18005885993094994,0.03601177198618902,1.0258333333333407,1.042138219498264,0.004887454431933459,0.0009774908863866623,0.0,0.0,0.0,0,0.0,0.0
1762438763.4930058,21.283658984,1,-0.1768309067467655,-0.035366181349354875,-1.0275000000000074,1.0432047672265181,0.17971724446655093,0.03594344889331122,1.0275000000000076,1.0437176196064775,0.004878021458778149,0.0009756042917556502,0.0,0.0,0.0,0,0.0,0.0
1762438763.592177,21.382861375,1,-0.17660511466629814,-0.03532102293326078,-1.0291666666666741,1.04480666583112,0.1794823549402367,0.03589647098804809,1.029166666666674,1.0453164593280266,0.004871579216528264,0.0009743158433056766,0.0,0.0,0.0,0,0.0,0.0
1762438763.6921377,21.482786072,1,-0.17674790028462262,-0.035349580056926566,-1.0308333333333408,1.0464734942540832,0.1796204740056565,0.03592409480113217,1.0308333333333408,1.0469820516037627,0.004875264434921093,0.0009750528869842393,0.0,0.0,0.0,0,0.0,0.0
1762438763.791956,21.582599521,1,-0.17657954085896677,-0.03531590817179664,-1.0325000000000073,1.0480857777968258,0.17944676337668392,0.03588935267534052,1.0325000000000073,1.0485921211423619,0.0048705420600419595,0.0009741084120084911,0.0,0.0,0.0,0,0.0,0.0
1762438763.8920918,21.682750004,1,-0.17647148974365123,-0.03529429794873096,-1.0341666666666742,1.0497088018133873,0.17932722009899166,0.03586544401979888,1.0341666666666742,1.0502120149701344,0.004867210265330555,0.0009734420530661288,0.0,0.0,0.0,0,0.0,0.0
1762438763.9924982,21.78314106,1,-0.17639520372324036,-0.03527904074464727,-1.0358333333333407,1.0513375162415188,0.17925004550686705,0.035850009101372676,1.0358333333333407,1.0518395773173979,0.004865101683127707,0.0009730203366255249,0.0,0.0,0.0,0,0.0,0.0
1762438764.0921109,21.882801741,1,-0.17632554972194647,-0.03526510994438814,-1.0375000000000074,1.0529675101655092,0.1791765876692583,0.035835317533850115,1.0375000000000074,1.05346792525998,0.004863098637687538,0.0009726197275374676,0.0,0.0,0.0,0,0.0,0.0
1762438764.1922581,21.982912509,1,-0.17662360947140243,-0.03532472189427782,-1.0391666666666741,1.0546616028427038,0.17913365725777747,0.03582673145155272,1.0391666666666741,1.0551017879617943,0.0045006873756006874,0.0009001374751200709,0.0,0.0,0.0,0,0.0,0.0
1762438764.292428,22.083058325,1,-0.17661804729096886,-0.035323609458190575,-1.0408333333333406,1.0563028542003579,0.17945827907835107,0.03589165581566726,1.0408333333333406,1.0568006021311431,0.004870603305904148,0.0009741206611807467,0.0,0.0,0.0,0,0.0,0.0
1762438764.3922677,22.182918823,1,-0.17660819522612492,-0.035321639045222675,-1.0425000000000075,1.0579434402679029,0.17944939833002668,0.03588987966600293,1.0425000000000078,1.0584405604583873,0.004870374478171842,0.0009740748956343036,0.0,0.0,0.0,0,0.0,0.0
1762438764.4919336,22.282583198,1,-0.17661115553155327,-0.035322231106309054,-1.044166666666674,1.0595863287369798,0.17928166952428043,0.0358563339048543,1.044166666666674,1.060052650336908,0.0046850788750861455,0.0009370157750171785,0.0,0.0,0.0,0,0.0,0.0
1762438764.5925367,22.383210536,1,-0.17694824383331742,-0.0353896487666594,-1.0458333333333407,1.0612871757194888,0.17962445842634614,0.03592489168526598,1.0458333333333407,1.0617546350351774,0.004694028313590555,0.0009388056627180293,0.0,0.0,0.0,0,0.0,0.0
1762438764.6921003,22.482755659,1,-0.17692897465129676,-0.03538579493025784,-1.0475000000000074,1.0629262752204507,0.1797724967784542,0.035954499355689416,1.0475000000000074,1.063422365112702,0.004879118759923551,0.0009758237519846712,0.0,0.0,0.0,0,0.0,0.0
1762438764.791817,22.582512551,1,-0.1768975812088005,-0.03537951624176072,-1.0491666666666741,1.0645633653528968,0.17974712856409286,0.03594942571281852,1.0491666666666741,1.0650596630614542,0.00487847349618348,0.000975694699236688,0.0,0.0,0.0,0,0.0,0.0
1762438764.8923535,22.682993354,1,-0.17715613788936047,-0.03543122757787254,-1.0508333333333408,1.0662506100931475,0.17984283796871978,0.035968567593743964,1.0508333333333406,1.0667182752103992,0.004699794047373087,0.000939958809474613,0.0,0.0,0.0,0,0.0,0.0
1762438764.9918883,22.782558452,1,-0.1767557640781412,-0.035351152815628506,-1.0525000000000073,1.0678242149999486,0.17960618413021412,0.03592123682604336,1.0525000000000073,1.068318757035064,0.004874692407939109,0.0009749384815878379,0.0,0.0,0.0,0,0.0,0.0
1762438765.0925496,22.883209331,1,-0.17671753378398236,-0.03534350675679443,-1.054166666666674,1.069460429996214,0.17956517713113382,0.03591303542622499,1.0541666666666738,1.0699536251926,0.004873551771172147,0.000974710354234384,0.0,0.0,0.0,0,0.0,0.0
1762438765.1918855,22.982525771,1,-0.17699111148874458,-0.03539822229774803,-1.0558333333333407,1.0711502767892354,0.17984771811539954,0.035969543623079095,1.0558333333333407,1.0716450147122236,0.004881249324275341,0.0009762498648550465,0.0,0.0,0.0,0,0.0,0.0
1762438765.2928414,23.083507774,1,-0.17721233311925566,-0.03544246662384909,-1.0575000000000074,1.0728311281138185,0.179906631540733,0.03598132630814474,1.0575000000000074,1.0732973967709238,0.0047015211329418495,0.0009403042265883261,0.0,0.0,0.0,0,0.0,0.0
1762438765.3921566,23.182794596,1,-0.17707186086332172,-0.035414372172662745,-1.0591666666666741,1.0744499287746159,0.17993883144340986,0.03598776628868035,1.0591666666666741,1.0749451754212689,0.0048838101820690575,0.0009767620364137693,0.0,0.0,0.0,0,0.0,0.0
1762438765.49265,23.283237204,1,-0.1772132728533986,-0.035442654570678744,-1.0608333333333408,1.0761171344001341,0.179924038980747,0.03598480779614844,1.0608333333333408,1.076584844453236,0.004702113154844043,0.0009404226309687873,0.00047021131548440423,9.404226309687875e-05,0.1,0,0.0,0.0
1762438765.5919297,23.382604661,1,-0.16096028097794424,-0.0321920561955884,-1.0608333333333408,1.0734579179668506,0.17191054882188309,0.034382109764376605,1.0608333333333406,1.075222175821917,0.02928120200108235,0.005856240400216571,0.004853462654790135,0.0009706925309580482,0.2,0,0.0,0.0
1762438765.6921167,23.482776097,1,-0.1610320272537038,-0.032206405450739606,-1.0625000000000073,1.0751161873739556,0.16382719324472644,0.03276543864894435,1.0625000000000073,1.0755552859878093,0.02091007373210915,0.004182014746421729,0.0019243969161190162,0.0003848793832237938,0.1,0,0.0,0.0
1762438765.7920666,23.582701996,1,-0.16192332052792757,-0.0323846641055856,-1.064166666666674,1.0769023273465805,0.16432113967969564,0.032864227935938836,1.064166666666674,1.0772799955758574,0.00412940582770561,0.000825881165541107,0.00041294058277056096,8.25881165541107e-05,0.1,0,0.0,0.0
1762438765.892047,23.682694282,1,-0.16249751245294597,-0.032499502490589194,-1.0658333333333407,1.0786391211429296,0.16517071678928863,0.033034143357858,1.065833333333341,1.079061311861627,0.021067326043463595,0.004213465208692768,0.0019389044281633515,0.00038778088563267516,0.1,0,0.0,0.0
1762438765.9927318,23.78336255,1,-0.1638826494201009,-0.03277652988401858,-1.0675000000000074,1.0805036203975467,0.166378633835558,0.03327572676711053,1.0675000000000074,1.0809002607960099,0.021034228226325172,0.004206845645264948,0.001934565185923424,0.00038691303718467685,0.1,0,0.0,0.0
1762438766.0921721,23.882821387,1,-0.1649993544379189,-0.032999870887582716,-1.0691666666666741,1.082326724956311,0.16749190022053442,0.03349838004410558,1.0691666666666741,1.082724821557256,0.02117308560483941,0.0042346171209677146,0.0019473407820882805,0.0003894681564176409,0.1,0,0.0,0.0
1762438766.1935925,23.984207265,1,-0.16612988150470187,-0.033225976300939486,-1.0708333333333409,1.0841527248537037,0.1687794210669727,0.033755884213393365,1.070833333333341,1.0845782500458532,0.021488788965019982,0.004297757793003874,0.001960359064745326,0.0003920718129490535,0.1,0,0.0,0.0
1762438766.292157,24.082802897,1,-0.16720425574234632,-0.03344085114847095,-1.0725000000000073,1.0859704432736195,0.1698706371961847,0.03397412743923856,1.0725000000000073,1.0864007201381594,0.02162756097344222,0.004325512194688603,0.001973020104274297,0.0003946040208548744,0.1,0,0.0,0.0
1762438766.3922315,24.182927277,1,-0.16817754475398772,-0.0336355089507987,-1.074166666666674,1.087772523002697,0.17085905515109903,0.03417181103022036,1.0741666666666743,1.0882070378259854,0.02175332659359266,0.004350665318718524,0.0019844934480568173,0.00039689868961136266,0.1,0,0.0,0.0
1762438766.4920745,24.282745757,1,-0.16968590248381688,-0.03393718049676542,-1.0758333333333407,1.089661598310661,0.17206992974566288,0.03441398594913482,1.0758333333333407,1.090050340242464,0.021529485038451417,0.00430589700769063,0.001961102827408973,0.00039222056548182557,0.1,0,0.0,0.0
1762438766.5942569,24.384879985,1,-0.17039142932441642,-0.03407828586488337,-1.0775000000000075,1.091421467057856,0.17312233392634593,0.03462446678526932,1.0775000000000077,1.091868328235729,0.021979471885314676,0.004395894377062962,0.001969558885209232,0.00039391177704184834,0.1,0,0.0,0.0
1762438766.6961515,24.486787282,1,-0.17188448002143275,-0.034376896004287616,-1.0791666666666742,1.093309992589288,0.17432619433149318,0.03486523886629967,1.0791666666666742,1.0937119828162103,0.02171788448343031,0.004343576896686169,0.0019246644726578115,0.0003849328945315725,0.1,0,0.0,0.0
1762438766.7922866,24.582908669,1,-0.17250376421237412,-0.034500752842475446,-1.0808333333333406,1.0950564118156636,0.174970993755049,0.03499419875101042,1.0808333333333406,1.0954634348285273,0.02176650955631584,0.004353301911263234,0.0019110098222884727,0.00038220196445769956,0.1,0,0.0,0.0
1762438766.892,24.682696281,1,-0.1727286947736495,-0.03454573895472901,-1.0825000000000076,1.096738282398382,0.175369179332208,0.03507383586644088,1.0825000000000078,1.097173993959962,0.021976552933293515,0.004395310586658622,0.0019135582028308458,0.00038271164056616233,0.1,0,0.0,0.0
1762438766.9923663,24.7827502,1,-0.1732810025638578,-0.03465620051277174,-1.084166666666674,1.0984738136135264,0.17591929275056883,0.03518385855011376,1.0841666666666738,1.0989098518875247,0.022012760119425823,0.004402552023885161,0.001898678829537871,0.00037973576590757436,0.1,0,0.0,0.0
1762438767.0918016,24.882502709,1,-0.17349296465226338,-0.0346985929304533,-1.0858333333333408,1.1001535478800124,0.1762970857803618,0.03525941715607318,1.085833333333341,1.1006170618024365,0.022221346541660043,0.0044442693083321105,0.0019009698261933038,0.0003801939652386694,0.1,0,0.0,0.0
1762438767.191867,24.982520984,1,-0.1740241761213035,-0.034804835224262476,-1.0875000000000075,1.1018856748454908,0.17683673500725572,0.03536734700145283,1.0875000000000072,1.1023512734523255,0.02225680292303695,0.004451360584607576,0.0018858694239736388,0.00037717388479474313,0.1,0,0.0,0.0
1762438767.2922368,25.08290884,1,-0.17449375600735806,-0.034898751201473566,-1.089166666666674,1.1036077299016944,0.17714511687455994,0.03542902337491436,1.089166666666674,1.1040469355546418,0.022100671695358013,0.004420134339071862,0.0018699727330117352,0.00037399454660236797,0.1,0,0.0,0.0
1762438767.39198,25.182603649,1,-0.174306285036117,-0.034861257007223756,-1.0908333333333409,1.105221855264518,0.17711804395729722,0.0354236087914602,1.0908333333333409,1.1056866620639851,0.02229214854025866,0.004458429708051843,0.001888866591734384,0.00037777331834688605,0.1,0,0.0,0.0
1762438767.4920769,25.282728233,1,-0.17449689753334674,-0.03489937950667077,-1.0925000000000074,1.1068980910358144,0.17730434502661674,0.03546086900532503,1.0925000000000071,1.1073619796597434,0.02231571096730424,0.0044631421934610525,0.0018908761754744894,0.0003781752350949149,0.1,0,0.0,0.0
1762438767.5919523,25.382607615,1,-0.1747026243537011,-0.034940524870741285,-1.0941666666666743,1.108576809102001,0.17750880032152866,0.035501760064306914,1.0941666666666743,1.109040325508371,0.02234149365996167,0.004468298731992495,0.0018930680224553923,0.0003786136044910925,0.1,0,0.0,0.0
1762438767.6920211,25.482692232,1,-0.17521255897548826,-0.0350425117950981,-1.0958333333333408,1.1103054142442563,0.1778598593765009,0.03557197187530072,1.0958333333333408,1.1107430797466111,0.02219010445683683,0.004438020891367438,0.0018775646232826637,0.0003755129246565384,0.1,0,0.0,0.0
1762438767.7924533,25.583078255,1,-0.17533961802960185,-0.03506792360592037,-1.0975000000000072,1.111971218564947,0.17815801829164254,0.0356316036583278,1.0975000000000072,1.1124370277282598,0.022390427268678025,0.004478085453735505,0.0018789451317224306,0.00037578902634447805,0.1,0,0.0,0.0
1762438767.8920596,25.682712485,1,-0.17545503025925946,-0.035091006051851004,-1.0991666666666742,1.1136351321057254,0.17827790210067002,0.03565558042013362,1.0991666666666742,1.114101293376702,0.022405445711445787,0.0044810891422891195,0.0018802013629294983,0.0003760402725858966,0.1,0,0.0,0.0
1762438767.992025,25.782678689,1,-0.1758621614158571,-0.03517243228317124,-1.1008333333333407,1.1153468642482325,0.1785265424277125,0.035705308485542285,1.1008333333333407,1.1157869972279815,0.022207364651219346,0.004441472930243825,0.0018424623063059886,0.00036849246126119324,0.1,0,0.0,0.0
1762438768.0918918,25.882565876,1,-0.17591592827438873,-0.035183185654876326,-1.1025000000000076,1.1170006805608859,0.17874838544999058,0.03574967708999615,1.1025000000000076,1.1174682432682526,0.02243164172762223,0.0044863283455242224,0.0018640766757951862,0.0003728153351590197,0.1,0,0.0,0.0
1762438768.1918874,25.982552403,1,-0.17593528313486217,-0.03518705662697208,-1.104166666666674,1.1186489085426257,0.17877641015553253,0.03575528203110594,1.104166666666674,1.1191172739257567,0.022434862076137665,0.004486972415227446,0.0018643282554639247,0.00037286565109277757,0.1,0,0.0,0.0
1762438768.2924001,26.083048331,1,-0.1766073788678959,-0.035321475773578914,-1.1058333333333408,1.1204040048270711,0.17911935215098868,0.03582387043019733,1.1058333333333408,1.1208186530918893,0.022083820176108306,0.004416764035221618,0.0018291952099127723,0.0003658390419825517,0.1,0,0.0,0.0
1762438768.392417,26.183080502,1,-0.17619072327406826,-0.035238144654814896,-1.1075000000000075,1.1219809034946047,0.17904473304788726,0.03580894660957824,1.1075000000000073,1.122450688043574,0.022435115535694463,0.004487023107139031,0.001845985551384255,0.00036919711027686385,0.1,0,0.0,0.0
1762438768.4952586,26.285919225,1,-0.17647560170137133,-0.03529512034027693,-1.109166666666674,1.1236725848574203,0.17915688221572648,0.03583137644314692,1.109166666666674,1.1241137711226257,0.022252343984408934,0.004450468796882036,0.0018278338648141912,0.0003655667729628604,0.1,0,0.0,0.0
1762438768.5919468,26.382606963,1,-0.17674132858791225,-0.035348265717584315,-1.1108333333333409,1.1253611382861604,0.17942932517844307,0.03588586503569031,1.1108333333333407,1.1258034342139005,0.02225286465568393,0.004450572931137015,0.0018095046063333407,0.0003619009212666872,0.1,0,0.0,0.0
1762438768.6922185,26.48289729,1,-0.17661542659497265,-0.03532308531899764,-1.1125000000000074,1.1269857937293593,0.1794782453731994,0.03589564907464218,1.1125000000000071,1.1274560692926123,0.022422835990221626,0.004484567198044663,0.001808234365948288,0.00036164687318968665,0.1,0,0.0,0.0
1762438768.7919862,26.58265654,1,-0.17651335931183176,-0.03530267186236724,-1.114166666666674,1.128614462855805,0.17936615666111835,0.03587323133222542,1.1141666666666739,1.1290821351844709,0.022409362391163805,0.004481872478232911,0.0018071668404402099,0.000361433368088052,0.1,0,0.0,0.0
1762438768.8920875,26.682753826,1,-0.17645338166489566,-0.03529067633297922,-1.1158333333333408,1.1302500853858897,0.17930072785010198,0.035860145570021235,1.1158333333333406,1.1307160248380994,0.02240147276538556,0.004480294553077164,0.001806540859414345,0.0003613081718828717,0.1,0,0.0,0.0
1762438768.991947,26.782615514,1,-0.17641550895584324,-0.03528310179116945,-1.1175000000000075,1.1318893846450597,0.17926182456510403,0.03585236491302182,1.1175000000000075,1.1323543808438608,0.022396670193790824,0.004479334038758272,0.0018061558777126806,0.0003612311755425443,0.1,0,0.0,0.0
1762438769.0923867,26.883016963,1,-0.17736341486256535,-0.035472682972512715,-1.1191666666666742,1.1336887226865995,0.17988660797296455,0.03597732159459251,1.1191666666666742,1.134102106150471,0.004519590327182125,0.0009039180654364135,0.0,0.0,0.0,0,0.0,0.0
1762438769.1926966,26.983333863,1,-0.1771565149194796,-0.035431302983895296,-1.1208333333333407,1.135300475257841,0.17986583834774866,0.035973167669549416,1.1208333333333407,1.1357434348072841,0.004700600329414323,0.0009401200658828577,0.0,0.0,0.0,0,0.0,0.0
1762438769.2924478,27.083101126,1,-0.17691447274246386,-0.035382894548492416,-1.1225000000000074,1.1369067375525534,0.17979414633049778,0.0359588292660986,1.1225000000000076,1.1373764647015154,0.004880022622002858,0.000976004524400544,0.0,0.0,0.0,0,0.0,0.0
1762438769.3921773,27.182835513,1,-0.17670989242935953,-0.035341978485870396,-1.124166666666674,1.1385192734293754,0.1795827522586465,0.035916550451729,1.124166666666674,1.1389866803214177,0.004874267571015382,0.0009748535142030747,0.0,0.0,0.0,0,0.0,0.0
1762438769.492254,27.2829199,1,-0.17689212793793274,-0.03537842558758664,-1.1258333333333408,1.1401943485072743,0.17941875720387648,0.03588375144077488,1.1258333333333408,1.1406048520405778,0.004507960820319589,0.0009015921640639064,0.0,0.0,0.0,0,0.0,0.0
1762438769.5921404,27.382774111,1,-0.1767451287052637,-0.03534902574105203,-1.1275000000000075,1.1418163793456015,0.17961378606524647,0.0359227572130485,1.1275000000000075,1.1422818420295828,0.004875049112460966,0.0009750098224921783,0.0,0.0,0.0,0,0.0,0.0
1762438769.692009,27.482659888,1,-0.17689146350464213,-0.03537829270092985,-1.129166666666674,1.1434857124452298,0.17976993056802182,0.03595398611360547,1.1291666666666742,1.1439524807285557,0.004879354198661444,0.0009758708397323155,0.0,0.0,0.0,0,0.0,0.0
1762438769.7919357,27.582603617,1,-0.176678844456859,-0.03533576889137224,-1.1308333333333407,1.1450974012805852,0.1795549715811471,0.0359109943162294,1.130833333333341,1.1455625758159533,0.004873532840506332,0.0009747065681012627,0.0,0.0,0.0,0,0.0,0.0
1762438769.8920221,27.682674408,1,-0.17682970779970653,-0.03536594155994033,-1.1325000000000074,1.1467675201988272,0.17952687021869346,0.03590537404373762,1.1325000000000074,1.14720327013819,0.00469169563971889,0.0009383391279437515,0.0,0.0,0.0,0,0.0,0.0
1762438769.9920106,27.782682709,1,-0.1766934148413899,-0.03533868296827691,-1.134166666666674,1.148391663649662,0.17955749837776575,0.03591149967555291,1.134166666666674,1.1488535845835288,0.004873502206755348,0.0009747004413510637,0.0,0.0,0.0,0,0.0,0.0
1762438770.09188,27.882566073,1,-0.17657063851197385,-0.03531412770239317,-1.1358333333333408,1.1500181038188204,0.17943176337879138,0.035886352675755816,1.135833333333341,1.1504785739546477,0.004870085681189708,0.0009740171362378755,0.0,0.0,0.0,0,0.0,0.0
1762438770.191884,27.982560564,1,-0.17680590289887732,-0.035361180579776885,-1.1375000000000073,1.1517017801461884,0.17966559528535883,0.03593311905707236,1.1375000000000073,1.1521619526674316,0.004876359426430494,0.0009752718852861095,0.0,0.0,0.0,0,0.0,0.0
1762438770.2925992,28.083247237,1,-0.1766799874744045,-0.035335997494881255,-1.1391666666666742,1.1533278567421215,0.17971377701554372,0.03594275540310916,1.1391666666666742,1.153815244204904,0.00505889910482219,0.0010117798209644498,0.0,0.0,0.0,0,0.0,0.0
1762438770.3921788,28.182811885,1,-0.17657705540108282,-0.03531541108021585,-1.1408333333333407,1.154957717493737,0.17943372162432863,0.035886744324865556,1.1408333333333405,1.1554155154396433,0.004870092287616951,0.000974018457523391,0.0,0.0,0.0,0,0.0,0.0
1762438770.4922836,28.28297826,1,-0.17680417754001354,-0.03536083550800173,-1.1425000000000074,1.1566401151107641,0.1796655335124128,0.03593310670248177,1.1425000000000072,1.157098587886792,0.0048763839108463625,0.0009752767821692535,0.0,0.0,0.0,0,0.0,0.0
1762438770.5922132,28.382875909,1,-0.17671074040162793,-0.035342148080325764,-1.144166666666674,1.1582716064530596,0.17956454726075993,0.03591290945215194,1.1441666666666739,1.1587279770547563,0.004873595963443989,0.0009747191926887911,0.0,0.0,0.0,0,0.0,0.0
1762438770.692139,28.482784068,1,-0.17695688771467388,-0.035391377542934865,-1.1458333333333406,1.1599570326058826,0.17964831573915493,0.035929663147831414,1.1458333333333404,1.1603872137435958,0.00469477978586598,0.000938955957173209,0.0,0.0,0.0,0,0.0,0.0
1762438770.792022,28.582676353,1,-0.1768229829109309,-0.035364596582185825,-1.1475000000000075,1.161582227815559,0.1796880548617766,0.035937610972355136,1.1475000000000077,1.1620393964674463,0.004877029047929968,0.000975405809585991,0.0,0.0,0.0,0,0.0,0.0
1762438770.8920858,28.682707468,1,-0.17667814118163605,-0.035335628236326855,-1.149166666666674,1.163205828721662,0.17954437312124388,0.035908874624249125,1.149166666666674,1.1636621747629659,0.0048731599945999885,0.0009746319989200091,0.0,0.0,0.0,0,0.0,0.0
1762438770.9922502,28.782848542,1,-0.17687063613729492,-0.03537412722745881,-1.150833333333341,1.1648827889173419,0.1797389781726725,0.035947795634534846,1.1508333333333407,1.1653393091270314,0.0048784204839173746,0.0009756840967834876,0.0,0.0,0.0,0,0.0,0.0
1762438771.0922916,28.882938053,1,-0.17702121325508813,-0.0354042426510186,-1.1525000000000074,1.1665531365265847,0.17989457105974105,0.03597891421194859,1.1525000000000074,1.1670101923139558,0.004882675255542575,0.0009765350511085172,0.0,0.0,0.0,0,0.0,0.0
1762438771.1918073,28.982459752,1,-0.17682672477374162,-0.03536534495475019,-1.154166666666674,1.1681691198890845,0.17970106533664093,0.0359402130673299,1.154166666666674,1.168625203494649,0.004877464468483546,0.0009754928936967564,0.0,0.0,0.0,0,0.0,0.0
1762438771.2935576,29.084214498,1,-0.1769626656432628,-0.03539253312865265,-1.1558333333333408,1.169837215546374,0.17984081947902292,0.03596816389580493,1.155833333333341,1.1702936057286581,0.004881266240409316,0.000976253248081875,0.0,0.0,0.0,0,0.0,0.0
1762438771.3930073,29.183663695,1,-0.17676120616948943,-0.03535224123389913,-1.1575000000000073,1.1714523272275186,0.17963459460170283,0.03592691892034155,1.1575000000000073,1.1719068141626465,0.004875659324722481,0.0009751318649445212,0.0,0.0,0.0,0,0.0,0.0
1762438771.4920897,29.282755761,1,-0.17725658305098158,-0.03545131661019685,-1.1591666666666742,1.1731769061805788,0.17996102308253115,0.035992204616506804,1.1591666666666745,1.173605031402472,0.004703020875501261,0.0009406041751002655,0.0,0.0,0.0,0,0.0,0.0
1762438771.5921907,29.382843184,1,-0.17703135714004148,-0.035406271428009006,-1.1608333333333407,1.1747883780686093,0.1799140567193896,0.035982811343878714,1.1608333333333407,1.1752437442059547,0.0048832791417322665,0.0009766558283464735,0.0,0.0,0.0,0,0.0,0.0
1762438771.6922953,29.482933019,1,-0.17773077140556737,-0.03554615428111374,-1.1625000000000074,1.1765449443980507,0.18028838139500397,0.036057676279001104,1.1625000000000076,1.176949576865844,0.004529967319870041,0.000905993463974014,0.0,0.0,0.0,0,0.0,0.0
1762438771.7942169,29.584850276,1,-0.17919759378902,-0.03583951875780178,-1.1641666666666741,1.178422791913989,0.18200801214387768,0.03640160242877381,1.1641666666666741,1.1788706548734444,0.0047571199228226705,0.0009514239845644947,0.0,0.0,0.0,0,0.0,0.0
1762438771.8921819,29.682818025,1,-0.1805059890540921,-0.036101197810817,-1.1658333333333406,1.180276692000185,0.18358910855452507,0.03671782171090378,1.1658333333333408,1.1807711549331512,0.004984194674875961,0.0009968389349751623,0.0,0.0,0.0,0,0.0,0.0
1762438771.9926896,29.783328996,1,-0.1790580162908011,-0.03581160325815924,-1.1675000000000075,1.1816939088130793,0.1821318790061251,0.036426375801223904,1.1675000000000075,1.1821823684205122,0.004944911251572966,0.0009889822503145647,0.0,0.0,0.0,0,0.0,0.0
1762438772.0921955,29.882821419,1,-0.17796006771024508,-0.03559201354204955,-1.169166666666674,1.1831683192056293,0.18096257989896497,0.036192515979793435,1.169166666666674,1.1836418579879213,0.004912712334188404,0.0009825424668376936,0.0,0.0,0.0,0,0.0,0.0
1762438772.192369,29.983012294,1,-0.17753467749911245,-0.0355069354998232,-1.1708333333333407,1.1847489179685982,0.18031911692868763,0.03606382338573789,1.170833333333341,1.1851861785101958,0.004713075475651038,0.0009426150951302179,0.0,0.0,0.0,0,0.0,0.0
1762438772.2921271,30.082749467,1,-0.1769569100974664,-0.03539138201949399,-1.1725000000000074,1.1863062622917027,0.17988457367406632,0.035976914734813625,1.1725000000000074,1.186764108085408,0.00488291121324246,0.000976582242648497,0.0,0.0,0.0,0,0.0,0.0
1762438772.3919957,30.182634456,1,-0.17655326149662187,-0.03531065229932384,-1.1741666666666741,1.187891096617037,0.17928350941474855,0.03585670188294932,1.174166666666674,1.1883163050842647,0.0046856635408251465,0.0009371327081650227,0.0,0.0,0.0,0,0.0,0.0
1762438772.4933817,30.284036625,1,-0.17661510449222284,-0.03532302089844608,-1.1758333333333408,1.189548081717585,0.17915491977389741,0.03583098395478026,1.1758333333333408,1.1899430122775438,0.004501483877972787,0.0009002967755945726,0.0,0.0,0.0,0,0.0,0.0
1762438772.5927079,30.383286531,1,-0.17672486924226405,-0.0353449738484537,-1.1775000000000073,1.1912124901062195,0.1794348792667266,0.03588697585334645,1.1775000000000075,1.1916337528508418,0.004689407635538957,0.0009378815271078265,0.0,0.0,0.0,0,0.0,0.0
1762438772.6917171,30.482369114,1,-0.17681514011446886,-0.03536302802289404,-1.179166666666674,1.1928739100602554,0.17953394634656955,0.035906789269313934,1.1791666666666738,1.1932961758022183,0.004692045415513556,0.0009384090831027102,0.0,0.0,0.0,0,0.0,0.0
1762438772.793076,30.583726784,1,-0.17689486323788195,-0.03537897264757639,-1.1808333333333407,1.1945337272160528,0.179432878874228,0.03588657577484576,1.180833333333341,1.1949273473534139,0.004508425184685504,0.0009016850369371014,0.0,0.0,0.0,0,0.0,0.0
1762438772.8921008,30.682766504,1,-0.16036558433323478,-0.032073116866647045,-1.1808333333333407,1.192104511599218,0.1712705139054641,0.034254102781093025,1.18083333333334,1.1936809848539545,0.029171402738588002,0.0058342805477176,0.0019180715460035535,0.0003836143092007095,0.1,0,0.0,0.0
1762438772.9926493,30.783262055,1,-0.16058673546016244,-0.0321173470920324,-1.1825000000000074,1.1937863601122272,0.1633605282145326,0.03267210564290586,1.1825000000000077,1.194177699785794,0.020849034504631696,0.00416980690092622,0.001918783282615101,0.0003837566565230095,0.1,0,0.0,0.0
1762438773.0941246,30.884802833,1,-0.16157866754750572,-0.03231573350950123,-1.1841666666666741,1.1955762906996552,0.16396408504841287,0.032792817009682916,1.184166666666674,1.1959139954351463,0.004120343142658689,0.0008240686285317441,0.00041203431426586884,8.24068628531744e-05,0.1,0,0.0,0.0
1762438773.1928089,30.983482007,1,-0.1624785999445475,-0.03249571998890888,-1.1858333333333408,1.1973537329051929,0.16515524211417243,0.033031048422834164,1.1858333333333408,1.197734527598735,0.02103453575285542,0.004206907150571117,0.001918888647294845,0.00038377772945897187,0.1,0,0.0,0.0
1762438773.2923176,31.082893615,1,-0.16351030143719747,-0.03270206028743727,-1.1875000000000073,1.1991502380532406,0.16617395710946153,0.033234791421890425,1.1875000000000073,1.1995309855865715,0.021161543584878307,0.004232308716975447,0.0019304870909667231,0.00038609741819332487,0.1,0,0.0,0.0
1762438773.3921103,31.182771056,1,-0.16489036799754686,-0.032978073599506885,-1.189166666666674,1.2009969808071248,0.16739138091624736,0.0334782761832476,1.1891666666666738,1.2013567457222598,0.021130397044829594,0.004226079408965737,0.0019262095361510458,0.00038524190723019226,0.1,0,0.0,0.0
1762438773.4924145,31.283080589,1,-0.16624559153518348,-0.03324911830703492,-1.1908333333333407,1.202841273132442,0.1687557178057861,0.0337511435611554,1.1908333333333405,1.203204745569775,0.021270795635187648,0.004254159127037325,0.0019216767608731893,0.00038433535217461946,0.1,0,0.0,0.0
1762438773.5920103,31.382633039,1,-0.16718745999812512,-0.03343749199962387,-1.1925000000000074,1.204626897695659,0.16987246472983886,0.03397449294596591,1.1925000000000077,1.205017497982641,0.021567269682422688,0.00431345393648425,0.001932616279106088,0.00038652325582119246,0.1,0,0.0,0.0
1762438773.69198,31.482626791,1,-0.1680477656775512,-0.033609553135509174,-1.1941666666666741,1.2064011278960998,0.17074717589408586,0.034149435178816315,1.1941666666666741,1.2067952642335955,0.021678321434438,0.0043356642868874985,0.001942567960345567,0.0003885135920691043,0.1,0,0.0,0.0
1762438773.7921271,31.58276694,1,-0.16917458081482195,-0.03383491616296297,-1.1958333333333409,1.2082144683195755,0.17187988415136968,0.03437597683027212,1.195833333333341,1.2086115022909774,0.021790070623820674,0.004358014124763862,0.0019349316836597098,0.00038698633673191804,0.1,0,0.0,0.0
1762438773.8921309,31.682781071,1,-0.16995448848238937,-0.033990897696477784,-1.1975000000000073,1.2099777515646892,0.17266417838375936,0.03453283567675185,1.1975000000000073,1.210376670808238,0.02188909262783401,0.004377818525566792,0.0019437308887656434,0.00038874617775312795,0.1,0,0.0,0.0
1762438773.9921124,31.782747773,1,-0.17069916809241725,-0.03413983361848194,-1.199166666666674,1.211736121716029,0.1734147132683458,0.03468294265366797,1.199166666666674,1.2121370647470202,0.021983963848180098,0.0043967927696358785,0.0019521596819451895,0.0003904319363890247,0.1,0,0.0,0.0
1762438774.0917118,31.88233553,1,-0.1714011486603999,-0.03428022973207989,-1.2008333333333407,1.2134884351970772,0.1741279268940668,0.03482558537881233,1.200833333333341,1.213892108371195,0.022074315092114036,0.004414863018422649,0.001960185087985115,0.00039203701759700965,0.1,0,0.0,0.0
1762438774.1922848,31.982928927,1,-0.17199449156294477,-0.03439889831258869,-1.2025000000000075,1.215224933637034,0.17474128964763072,0.0349482579295265,1.2025000000000075,1.2156324070376059,0.022152656672746143,0.004430531334549273,0.0019671329085674738,0.00039342658171349855,0.1,0,0.0,0.0
1762438774.2924473,32.083091056,1,-0.17281680334651117,-0.034563360669301435,-1.2041666666666742,1.216995330529576,0.17541421024365295,0.03508284204873012,1.2041666666666742,1.2173817445948292,0.022045338343809125,0.004409067668761768,0.001955666416909384,0.0003911332833818719,0.1,0,0.0,0.0
1762438774.392405,32.183014945,1,-0.17325302750443328,-0.03465060550088772,-1.2058333333333406,1.2187088675228492,0.17602445661099234,0.03520489132219908,1.2058333333333406,1.2191218238863573,0.022251272634226993,0.004450254526845441,0.0019397686329530035,0.00038795372659060416,0.1,0,0.0,0.0
1762438774.4938307,32.283986178,1,-0.17393261098522572,-0.03478652219704559,-1.2075000000000076,1.220458481592357,0.1765544952806088,0.03531089905612235,1.2075000000000078,1.2208499495826508,0.02215666962956867,0.00443133392591382,0.0019474206525519277,0.00038948413051039324,0.1,0,0.0,0.0
1762438774.5921957,32.382836471,1,-0.17451479771213219,-0.03490295954242617,-1.209166666666674,1.2221937894553065,0.17715237103262063,0.035430474206523864,1.2091666666666738,1.2225883644312887,0.022199404448858817,0.00443988088977174,0.0019329949026995904,0.000386598980539917,0.1,0,0.0,0.0
1762438774.692009,32.482671338,1,-0.17499152106323912,-0.0349983042126456,-1.2108333333333408,1.223913507913413,0.17764890775832415,0.03552978155166306,1.210833333333341,1.22431158653178,0.022229134238961796,0.0044458268477921194,0.0019173503203753592,0.0003834700640750509,0.1,0,0.0,0.0
1762438774.794039,32.584691254,1,-0.1750751130428263,-0.03501502260856304,-1.2125000000000075,1.225574802700861,0.17790111515224927,0.035580223030447944,1.2125000000000072,1.2259979645347407,0.022423512555000313,0.004484702510999831,0.001918268951189066,0.000383653790237793,0.1,0,0.0,0.0
1762438774.8924065,32.68305453,1,-0.1751400878880256,-0.035028017577604764,-1.214166666666674,1.227233354682517,0.1779710848542537,0.03559421697085028,1.214166666666674,1.2276568534286894,0.022432336836855405,0.004486467367371015,0.0019190181394982814,0.00038380362789965073,0.1,0,0.0,0.0
1762438774.9922044,32.782843041,1,-0.1752374515425208,-0.03504749030850496,-1.2158333333333409,1.228896735061374,0.17805790328148813,0.03561158065629757,1.2158333333333406,1.2293183054206516,0.022443246796654465,0.004488649359330888,0.001919967620004015,0.00038399352400080337,0.1,0,0.0,0.0
1762438775.0922635,32.882885652,1,-0.17535012232261682,-0.03507002446452567,-1.2175000000000074,1.230562400699175,0.1781732821321158,0.03563465642642535,1.2175000000000074,1.2309840767468838,0.02242504148526981,0.004485008297054241,0.0019001366958374078,0.0003800273391675054,0.1,0,0.0,0.0
1762438775.1923752,32.983046235,1,-0.17578482761853031,-0.03515696552370784,-1.2191666666666743,1.2322758128588103,0.1784406944487063,0.03568813888974263,1.219166666666674,1.2326727407563938,0.022295305900426565,0.004459061180085472,0.0019047785555444934,0.00038095571110891214,0.1,0,0.0,0.0
1762438775.2928324,33.083364747,1,-0.17584725512563804,-0.03516945102512814,-1.2208333333333408,1.2339340238434249,0.17851672660838563,0.035703345321678404,1.2208333333333408,1.2343326044158145,0.02223884886982194,0.0044477697739645225,0.0018633755295356896,0.00037267510590714806,0.1,0,0.0,0.0
1762438775.3933501,33.183999213,1,-0.17585258889597188,-0.035170517779195,-1.2225000000000072,1.2355838087083733,0.17869518034416154,0.0357390360688329,1.2225000000000075,1.236007886777985,0.02249063386878086,0.0044981267737562135,0.0019056784557836515,0.0003811356911567334,0.1,0,0.0,0.0
1762438775.4927146,33.283347594,1,-0.17619682952718918,-0.035239365905438635,-1.2241666666666742,1.23728378451455,0.1788691591751766,0.03577383183503621,1.224166666666674,1.2376825000483733,0.022315868418878,0.004463173683775696,0.0018881901973974127,0.00037763803947949006,0.1,0,0.0,0.0
1762438775.5917444,33.382389998,1,-0.17615221155954153,-0.035230442311909194,-1.2258333333333407,1.2389262071705236,0.17900643192169566,0.03580128638433947,1.2258333333333407,1.239351603011526,0.022496557971493417,0.004499311594298751,0.001887812564120786,0.00037756251282416385,0.1,0,0.0,0.0
1762438775.6933286,33.483707967,1,-0.17641998001898251,-0.0352839960037965,-1.2275000000000076,1.2406148555147616,0.17910287056847138,0.03582057411369471,1.2275000000000076,1.2410145856418127,0.022311748761660574,0.004462349752332164,0.0018694756491626251,0.0003738951298325286,0.1,0,0.0,0.0
1762438775.792165,33.58280905,1,-0.17636345781601026,-0.03527269156320134,-1.229166666666674,1.2422555801715665,0.17921427667769044,0.0358428553355377,1.2291666666666743,1.2426798307239781,0.02248977620015039,0.004497955240030009,0.0018688877331660872,0.0003737775466332108,0.1,0,0.0,0.0
1762438775.8920348,33.682675735,1,-0.17631533912611452,-0.03526306782522193,-1.2308333333333408,1.243897615243339,0.17899365178298415,0.035798730356595775,1.2308333333333408,1.2442953712516234,0.022298216895108396,0.004459643379021528,0.0018683462611852957,0.0003736692522370461,0.1,0,0.0,0.0
1762438775.9916384,33.78231776,1,-0.17630332234665058,-0.035260664469329406,-1.2325000000000075,1.2455450316746095,0.17897613580366187,0.03579522716073143,1.2325000000000075,1.2459414133396152,0.022296213743748197,0.004459242748749525,0.0018681889893498403,0.00037363779786995876,0.1,0,0.0,0.0
1762438776.0917628,33.882439994,1,-0.17661723198553414,-0.035323446397106384,-1.234166666666674,1.247240455409754,0.17929248712024,0.035858497424047155,1.2341666666666737,1.2476373627326174,0.02230267173378577,0.00446053434675701,0.001850370043042414,0.0003700740086084702,0.1,0,0.0,0.0
1762438776.1933837,33.984035277,1,-0.17659117977856287,-0.03531823595571293,-1.2358333333333409,1.2488858435999683,0.17943792240068268,0.03588758448013664,1.2358333333333407,1.2493077741265715,0.022484992427427873,0.0044969984854856095,0.0018501182323163402,0.00037002364646327167,0.1,0,0.0,0.0
1762438776.2919872,34.08263828,1,-0.17688261354909596,-0.035376522709818836,-1.2375000000000074,1.2505779493238378,0.1795637226837685,0.0359127445367533,1.2375000000000071,1.2509752618354344,0.02230324315462667,0.004460648630925327,0.0018320297043214675,0.00036640594086429347,0.1,0,0.0,0.0
1762438776.3925095,34.182907004,1,-0.176774002424529,-0.03535480048490447,-1.239166666666674,1.252211259184452,0.1796375058934725,0.03592750117869309,1.239166666666674,1.252635001364072,0.02247610294957044,0.004495220589913918,0.0018309572418012084,0.00036619144836022794,0.1,0,0.0,0.0
1762438776.4922178,34.282862368,1,-0.1769586894365247,-0.035391737887303876,-1.2408333333333408,1.2538876799733323,0.17982804478151684,0.03596560895630248,1.2408333333333406,1.2543121668184,0.022466439427635168,0.004493287885526933,0.0018117484896359283,0.00036234969792717746,0.1,0,0.0,0.0
1762438776.5935001,34.384114653,1,-0.1771214531078087,-0.03542429062156183,-1.2425000000000075,1.2555608864237056,0.1798257634434957,0.035965152688699015,1.2425000000000073,1.2559606074260354,0.02226794881149466,0.00445358976229895,0.0017923025571810593,0.00035846051143621457,0.1,0,0.0,0.0
1762438776.6919537,34.482602953,1,-0.1772159436227696,-0.0354431887245541,-1.2441666666666742,1.2572240869254518,0.18010433264074846,0.036020866528149516,1.2441666666666742,1.2576508926987136,0.02243284306133089,0.004486568612266187,0.0017721594362276963,0.00035443188724554103,0.1,0,0.0,0.0
1762438776.7919428,34.582614709,1,-0.17724322795748026,-0.035448645591497296,-1.2458333333333407,1.2588774613819733,0.17996941427653987,0.03599388285530866,1.2458333333333405,1.259279652866076,0.004703439708775118,0.0009406879417550391,0.0,0.0,0.0,0,0.0,0.0
1762438776.89202,34.682704685,1,-0.17725232868704133,-0.03545046573740818,-1.2475000000000074,1.260528212118236,0.18014754371175073,0.03602950874235018,1.2475000000000074,1.2609550003888363,0.004889716717430956,0.0009779433434861926,0.0,0.0,0.0,0,0.0,0.0
1762438776.9928093,34.783440641,1,-0.17700385143809072,-0.03540077028761868,-1.249166666666674,1.2621414100931814,0.17971003097373384,0.03594200619474725,1.2491666666666739,1.26253906242659,0.004696534276686654,0.00093930685533734,0.0,0.0,0.0,0,0.0,0.0
1762438777.0920048,34.882660969,1,-0.1768132324782421,-0.0353626464956478,-1.2508333333333408,1.2637632150542986,0.17968247727834125,0.03593649545566816,1.250833333333341,1.264184026209916,0.004876925238338114,0.0009753850476676237,0.0,0.0,0.0,0,0.0,0.0
1762438777.1922235,34.982835447,1,-0.17669505857073098,-0.035339011714143886,-1.2525000000000075,1.2653956849429608,0.1793861334994206,0.03587722669988154,1.2525000000000075,1.2657894020284595,0.004687965400559499,0.0009375930801118373,0.0,0.0,0.0,0,0.0,0.0
1762438777.292018,35.08266106,1,-0.17659245184798156,-0.035318490369595334,-1.254166666666674,1.2670305117042229,0.17945299243573815,0.035890598487146666,1.2541666666666742,1.2674484365573628,0.0048706300297439616,0.0009741260059487677,0.0,0.0,0.0,0,0.0,0.0
1762438777.3917506,35.182434121,1,-0.17650140575316087,-0.03530028115063155,-1.2558333333333407,1.2686671025896765,0.17935548124053538,0.03587109624810631,1.2558333333333405,1.2690833248089717,0.004867950799726677,0.0009735901599453185,0.0,0.0,0.0,0,0.0,0.0
1762438777.493374,35.284040377,1,-0.17710271207040762,-0.03542054241408099,-1.2575000000000074,1.2704039654565078,0.1797869605225331,0.0359573921045062,1.2575000000000074,1.270796024238708,0.00469831941049589,0.0009396638820991634,0.0,0.0,0.0,0,0.0,0.0
1762438777.5923266,35.382970568,1,-0.17697839729257137,-0.035395679458514184,-1.259166666666674,1.2720357312894321,0.17967607892322235,0.035935215784643974,1.2591666666666739,1.2724289872190022,0.004695550160077046,0.0009391100320153928,0.0,0.0,0.0,0,0.0,0.0
1762438777.6923432,35.483031182,1,-0.17711331287865661,-0.035422662575731234,-1.2608333333333408,1.273705062040373,0.17999772365902586,0.03599954473180533,1.2608333333333408,1.2741255205778557,0.004885557903811192,0.0009771115807622405,0.0,0.0,0.0,0,0.0,0.0
1762438777.7921488,35.582814743,1,-0.17691915722499907,-0.03538383144500079,-1.2625000000000073,1.2753268811253649,0.1796187994543303,0.03592375989086676,1.262500000000007,1.2757192793252476,0.004694095070055734,0.0009388190140111614,0.0,0.0,0.0,0,0.0,0.0
1762438777.8925135,35.683169544,1,-0.17647046701638214,-0.035294093403276605,-1.2641666666666742,1.2769122365571055,0.17932590360695164,0.03586518072139051,1.264166666666674,1.2773258989011995,0.004867170560739793,0.0009734341121479594,0.0,0.0,0.0,0,0.0,0.0
1762438777.9920034,35.782665948,1,-0.17673298010650562,-0.03534659602130219,-1.2658333333333407,1.2785999983909808,0.17941759499826018,0.03588351899965313,1.2658333333333407,1.278988791236481,0.004688721761322645,0.0009377443522645598,0.0,0.0,0.0,0,0.0,0.0
1762438778.0917957,35.882468799,1,-0.17695473531236505,-0.035390947062473366,-1.2675000000000074,1.2802819015683486,0.17982280487179428,0.0359645609743598,1.2675000000000074,1.2806974431137341,0.0048806807691479034,0.0009761361538296088,0.0,0.0,0.0,0,0.0,0.0
1762438778.191962,35.982664567,1,-0.17675889824035274,-0.0353517796480709,-1.269166666666674,1.2819038513902772,0.17963507288094985,0.035927014576190346,1.269166666666674,1.282319592598935,0.004875702285807184,0.0009751404571614444,0.0,0.0,0.0,0,0.0,0.0
1762438778.291829,36.082480964,1,-0.17723506448414916,-0.03544701289683072,-1.2708333333333406,1.2836222652778886,0.17994403641056178,0.03598880728211358,1.2708333333333406,1.2840141788938486,0.004702617047880202,0.0009405234095760756,0.0,0.0,0.0,0,0.0,0.0
1762438778.3918297,36.182498789,1,-0.17728781759169898,-0.03545756351834051,-1.2725000000000075,1.2852799146789402,0.18018132009875534,0.0360362640197516,1.2725000000000077,1.285698320150202,0.004890589711568745,0.0009781179423137627,0.0,0.0,0.0,0,0.0,0.0
1762438778.4921181,36.282740928,1,-0.177011521957672,-0.03540230439153458,-1.274166666666674,1.2868904757229598,0.1797234802600687,0.03594469605201414,1.274166666666674,1.2872813387039859,0.0046969407332031815,0.0009393881466406518,0.0,0.0,0.0,0,0.0,0.0
1762438778.5922172,36.382848031,1,-0.17710653860878267,-0.035421307721756,-1.275833333333341,1.288554263313411,0.17982491388478578,0.03596498277695639,1.2758333333333411,1.2889457607224137,0.004699610254916817,0.0009399220509833439,0.0,0.0,0.0,0,0.0,0.0
1762438778.6934881,36.48413504,1,-0.177177149150479,-0.03543542983009651,-1.2775000000000074,1.290214579776695,0.1800613164515835,0.03601226329031747,1.2775000000000072,1.2906297729362928,0.004887278282121415,0.0009774556564243065,0.0,0.0,0.0,0,0.0,0.0
1762438778.792282,36.582934142,1,-0.17696441699520538,-0.035392883399041786,-1.279166666666674,1.2918345181132453,0.17983811833297855,0.035967623666596366,1.2791666666666741,1.2922471821864803,0.004881162736120417,0.0009762325472241009,0.0,0.0,0.0,0,0.0,0.0
1762438778.8918934,36.682562029,1,-0.17678901202468378,-0.03535780240493391,-1.2808333333333408,1.2934599169442271,0.17948969066307685,0.035897938132612675,1.2808333333333408,1.2938466828779587,0.004690753951527696,0.0009381507903054733,0.0,0.0,0.0,0,0.0,0.0
1762438778.9917345,36.782363534,1,-0.1766416707244094,-0.03532833414487957,-1.2825000000000073,1.2950894258813874,0.17967512475843458,0.03593502495168454,1.2825000000000075,1.2955233407682225,0.0050578305666882815,0.0010115661133375878,0.0,0.0,0.0,0,0.0,0.0
1762438779.09172,36.882369303,1,-0.1768519954646388,-0.03537039909292483,-1.2841666666666742,1.2967697255910993,0.17971443050310754,0.03594288610061845,1.284166666666674,1.2971789372982028,0.004877720122350329,0.0009755440244699846,0.0,0.0,0.0,0,0.0,0.0
1762438779.1921678,36.982805816,1,-0.17672409305281267,-0.03534481861056227,-1.2858333333333407,1.298402103502256,0.1795873718738653,0.03591747437477254,1.2858333333333407,1.298810629080758,0.004874291887564819,0.0009748583775129486,0.0,0.0,0.0,0,0.0,0.0
1762438779.293022,37.083650094,1,-0.17693283147196137,-0.03538656629439352,-1.2875000000000074,1.300082184297136,0.17962641438051488,0.03592528287610406,1.2875000000000076,1.3004662720320541,0.004694223679859675,0.0009388447359719581,0.0,0.0,0.0,0,0.0,0.0
1762438779.3922613,37.182870131,1,-0.17708367152344806,-0.03541673430469183,-1.2891666666666741,1.3017540728699477,0.17997122830479811,0.035994245660961974,1.2891666666666741,1.3021658585536264,0.004884824469044207,0.000976964893808904,0.0,0.0,0.0,0,0.0,0.0
1762438779.4920087,37.282654667,1,-0.17740926029202608,-0.035481852058406815,-1.2908333333333406,1.3034506902477445,0.18031996120383273,0.03606399224076811,1.2908333333333406,1.3038660185729811,0.004894486836485929,0.0009788973672972285,0.0,0.0,0.0,0,0.0,0.0
1762438779.5919425,37.382612897,1,-0.17700720873964482,-0.03540144174792914,-1.2925000000000075,1.3050444682169462,0.18008436950200019,0.03601687390040025,1.2925000000000073,1.3054822271270143,0.005069686752087767,0.0010139373504175647,0.0,0.0,0.0,0,0.0,0.0
1762438779.6918643,37.482512206,1,-0.17669264094152126,-0.03533852818830585,-1.294166666666674,1.3066508569807527,0.17958081667890777,0.03591616333578288,1.2941666666666738,1.3070602899709545,0.004874361793121,0.0009748723586242361,0.0,0.0,0.0,0,0.0,0.0
1762438779.7919343,37.58258717,1,-0.17653241030868116,-0.035306482061737476,-1.2958333333333407,1.3082791244007395,0.17939269562052515,0.035878539124106365,1.2958333333333407,1.3086837037991554,0.004869016376581976,0.0009738032753164312,0.0,0.0,0.0,0,0.0,0.0
1762438779.8929095,37.683567383,1,-0.17672336264061972,-0.035344672528124566,-1.2975000000000074,1.30995673317066,0.17976417244650264,0.03595283448930203,1.2975000000000072,1.3103869710902996,0.0050603727367368985,0.0010120745473474252,0.0,0.0,0.0,0,0.0,0.0
1762438779.9920335,37.782680109,1,-0.1768740690636612,-0.03537481381273233,-1.2991666666666741,1.3116286980457614,0.17957831480560094,0.035915662961120705,1.299166666666674,1.312010797887027,0.004693073990016092,0.0009386147980032354,0.0,0.0,0.0,0,0.0,0.0
1762438780.0919693,37.882664368,1,-0.17699030160342666,-0.035398060320685154,-1.3008333333333408,1.3132958351594926,0.17970356548274108,0.03594071309654802,1.3008333333333408,1.3136789818735128,0.004696413778192281,0.0009392827556384489,0.0,0.0,0.0,0,0.0,0.0
1762438780.1924696,37.983124516,1,-0.17677289321180378,-0.03535457864236102,-1.3025000000000073,1.31491629087386,0.1796481027273122,0.03592962054546278,1.3025000000000073,1.3153214924291639,0.004876053961736331,0.0009752107923472773,0.0,0.0,0.0,0,0.0,0.0
1762438780.2926736,38.083297632,1,-0.1769446634755676,-0.035388932695113784,-1.304166666666674,1.3165912368439359,0.17981680026798064,0.035963360053596974,1.3041666666666738,1.3169958767473127,0.004880561446640585,0.0009761122893281436,0.0,0.0,0.0,0,0.0,0.0
1762438780.3920212,38.182679818,1,-0.17677086865833758,-0.035354173731667604,-1.3058333333333407,1.3182179455806753,0.17964093701509987,0.03592818740302025,1.3058333333333407,1.3186213995481013,0.0048758068222326065,0.0009751613644465317,0.0,0.0,0.0,0,0.0,0.0
1762438780.4926462,38.283264147,1,-0.1769725233713384,-0.0353945046742683,-1.3075000000000074,1.3198970774229235,0.17949780939395188,0.03589956187879128,1.3075000000000074,1.3202516775677038,0.004509921409208599,0.0009019842818417398,0.0,0.0,0.0,0,0.0,0.0
1762438780.5917687,38.382425574,1,-0.1768065283566287,-0.03536130567132423,-1.3091666666666741,1.321525002230164,0.17967773469209092,0.035935546938416926,1.309166666666674,1.321927688260207,0.004876803884849882,0.0009753607769699424,0.0,0.0,0.0,0,0.0,0.0
1762438780.6919527,38.482600695,1,-0.17695953411825993,-0.03539190682365101,-1.3108333333333408,1.3231973743783514,0.17983744390336617,0.0359674887806725,1.310833333333341,1.3236008440072415,0.004881170026438562,0.0009762340052876941,0.0,0.0,0.0,0,0.0,0.0
1762438780.7919416,38.582578138,1,-0.17677199721894699,-0.03535439944378904,-1.3125000000000073,1.3248224494477838,0.1796422159839933,0.035928443196798374,1.312500000000007,1.3252239164738175,0.004875841633487531,0.0009751683266974921,0.0,0.0,0.0,0,0.0,0.0
1762438780.8920908,38.682720292,1,-0.17724868984644093,-0.03544973796928863,-1.314166666666674,1.3265397882280683,0.1799614624139248,0.03599229248278498,1.314166666666674,1.3269195909512084,0.004703107034923229,0.0009406214069846481,0.0,0.0,0.0,0,0.0,0.0
1762438780.991857,38.782530734,1,-0.17759288626346592,-0.03551857725269292,-1.3158333333333407,1.3282387449899866,0.18032797191304342,0.03606559438260861,1.3158333333333407,1.3286219423385919,0.004712839584993722,0.0009425679169987462,0.0,0.0,0.0,0,0.0,0.0
1762438781.092773,38.883388749,1,-0.1778828793390419,-0.03557657586780971,-1.3175000000000074,1.3299301716678382,0.1804539550492438,0.03609079100984966,1.3175000000000077,1.330290353677967,0.004534192405158835,0.0009068384810317832,0.0,0.0,0.0,0,0.0,0.0
1762438781.197292,38.987955487,1,-0.17770548793942265,-0.03554109758788515,-1.3191666666666741,1.3315566471262137,0.18046609645081066,0.03609321929016269,1.3191666666666741,1.3319427265807584,0.004716660327176263,0.0009433320654352678,0.0,0.0,0.0,0,0.0,0.0
1762438781.2911782,39.081910819,1,-0.16213588571545934,-0.0324271771430924,-1.3191666666666741,1.3294887219148082,0.17280731035367983,0.03456146207073675,1.3191666666666744,1.3308860039900505,0.02895808818509358,0.005791617637018848,0.0019405597468282981,0.000388111949365669,0.1,0,0.0,0.0
1762438781.391236,39.181964292,1,-0.16299737909794398,-0.032599475819588886,-1.3208333333333409,1.331251879195284,0.1657417523271779,0.03314835046543583,1.3208333333333409,1.33160423401532,0.02084287829669808,0.004168575659339644,0.00184877307431896,0.0003697546148637941,0.1,0,0.0,0.0
1762438781.4912632,39.281981647,1,-0.16247575253180813,-0.032495150506361536,-1.3225000000000073,1.3328392832473193,0.16531256294992572,0.03306251258998497,1.3225000000000071,1.3332020189033074,0.021002112405604952,0.004200422481120997,0.001881832393158182,0.0003763664786316368,0.1,0,0.0,0.0
1762438781.5918307,39.382348887,1,-0.16255260993774812,-0.032510521987550334,-1.324166666666674,1.334502771128111,0.1652889154617683,0.03305778309235384,1.3241666666666738,1.3348522778602279,0.02102488655991832,0.004204977311983664,0.0019009688426964726,0.000380193768539295,0.1,0,0.0,0.0
1762438781.6916976,39.482420409,1,-0.16340266637673473,-0.03268053327534748,-1.3258333333333407,1.3362643736970559,0.16608129702752786,0.033216259405506196,1.3258333333333405,1.3366077752613281,0.02112039463508967,0.00422407892701803,0.0019096405421513646,0.00038192810843028165,0.1,0,0.0,0.0
1762438781.791486,39.582199983,1,-0.16416228810431122,-0.03283245762086118,-1.3275000000000075,1.3380147522015922,0.16681056001536673,0.03336211200307243,1.3275000000000077,1.338355350215318,0.02124075562343764,0.004248151124687401,0.0019377201022699236,0.00038754402045397264,0.1,0,0.0,0.0
1762438781.8914516,39.682168708,1,-0.16534469593734435,-0.033068939187467894,-1.3291666666666742,1.339819559116598,0.16782406972346828,0.033564813944692656,1.3291666666666744,1.3401401206185448,0.021213333675515977,0.0042426667351030956,0.0019510463583969977,0.00039020927167939,0.1,0,0.0,0.0
1762438781.9920776,39.782774547,1,-0.16681492831394795,-0.03336298566278817,-1.3308333333333406,1.341662278754178,0.16946586349321863,0.033893172698642504,1.3308333333333406,1.342007744819758,0.021544632458048368,0.004308926491609515,0.0019480409158490824,0.00038960818316980235,0.1,0,0.0,0.0
1762438782.0915527,39.88228082,1,-0.1678898983288466,-0.03357797966576603,-1.3325000000000076,1.3434547810325903,0.1703946074182684,0.034078921483650604,1.3325000000000073,1.3437827001143952,0.02150616722680351,0.004301233445360335,0.0019604784091900376,0.00039209568183797385,0.1,0,0.0,0.0
1762438782.1917274,39.982411627,1,-0.16858480544735066,-0.03371696108946898,-1.334166666666674,1.345198262167066,0.17125902071763688,0.03425180414352547,1.334166666666674,1.3455495281514964,0.02180322983076594,0.004360645966152886,0.001989050166563791,0.0003978100333127305,0.1,0,0.0,0.0
1762438782.2918465,40.082515208,1,-0.16983259053268185,-0.03396651810653628,-1.3358333333333408,1.3470143011875515,0.17236063828360434,0.03447212765671982,1.335833333333341,1.3473482147014475,0.021753877372702953,0.00435077547454041,0.0019830612503895307,0.0003966122500778896,0.1,0,0.0,0.0
1762438782.3918157,40.18251986,1,-0.17067588728784067,-0.034135177457568666,-1.3375000000000075,1.348777861191965,0.17337957974882176,0.03467591594976516,1.3375000000000077,1.3491364452199985,0.022041576093212483,0.0044083152186425835,0.0019929780756668763,0.0003985956151333826,0.1,0,0.0,0.0
1762438782.4914808,40.282174683,1,-0.17142656230008146,-0.03428531246001798,-1.339166666666674,1.3505294924671714,0.17414492864149755,0.03482898572830095,1.339166666666674,1.3508911412580753,0.022139073410069342,0.004427814682014026,0.002001792313710381,0.000400358462742091,0.1,0,0.0,0.0
1762438782.5914335,40.382142727,1,-0.17208818037799123,-0.03441763607559922,-1.3408333333333409,1.3522695527433273,0.17482033201151764,0.03496406640230481,1.340833333333341,1.3526339719975249,0.022225208537498747,0.004445041707499955,0.002009578459709155,0.00040191569194184955,0.1,0,0.0,0.0
1762438782.6915753,40.482263156,1,-0.17267911176749973,-0.034535822353499945,-1.3425000000000074,1.3540003872475315,0.17542612206505875,0.03508522441301259,1.3425000000000074,1.3543675820377996,0.022302594863054137,0.004460518972610977,0.0020165735343753697,0.00040331470687508743,0.1,0,0.0,0.0
1762438782.7914062,40.582107616,1,-0.1731816200970897,-0.034636324019416076,-1.3441666666666743,1.3557195787694551,0.17594186626031644,0.03518837325206187,1.3441666666666743,1.356089152560807,0.022368555172276643,0.00447371103445516,0.0020225349510386717,0.000404506990207719,0.1,0,0.0,0.0
1762438782.8916483,40.682329099,1,-0.1736144199058911,-0.034722883981174846,-1.3458333333333408,1.3574295586078713,0.17638577319996004,0.03527715463998908,1.3458333333333408,1.3578010825367508,0.022425308182226305,0.004485061636444916,0.002027664251053569,0.000405532850210683,0.1,0,0.0,0.0
1762438782.991548,40.782247967,1,-0.17399898652280754,-0.03479979730455973,-1.3475000000000072,1.3591331513885687,0.1767787249866011,0.035355744997317994,1.3475000000000075,1.3595061589828212,0.022475411444483846,0.004495082288896453,0.0020321937700472532,0.000406438754009422,0.1,0,0.0,0.0
1762438783.09143,40.88212773,1,-0.17432760430835437,-0.034865520861669275,-1.3491666666666742,1.3608293106092735,0.17711630255713878,0.03542326051142534,1.3491666666666742,1.3612037637551686,0.02251860511804076,0.0045037210236077985,0.002036097419412338,0.00040721948388243624,0.1,0,0.0,0.0
1762438783.191494,40.9821941,1,-0.17460953647470756,-0.03492190729494116,-1.3508333333333407,1.3625192564809838,0.17740809344861294,0.035481618689722355,1.3508333333333407,1.3628951798764197,0.022556033555105593,0.004511206711021089,0.0020394796709033145,0.0004078959341806609,0.1,0,0.0,0.0
1762438783.2917984,41.082521607,1,-0.17513595635163437,-0.03502719127032705,-1.3525000000000076,1.3642418250938908,0.17795121940509906,0.03559024388102011,1.3525000000000076,1.3646206622894486,0.022593077763461866,0.004518615552692393,0.0020245368578384612,0.0004049073715676935,0.1,0,0.0,0.0
1762438783.3919153,41.182608438,1,-0.17526362130245943,-0.03505272426049233,-1.354166666666674,1.3659111946028062,0.17791616200301028,0.03558323240060248,1.3541666666666743,1.366267795214792,0.022425974211080064,0.004485194842216051,0.0020260349918299627,0.0004052069983659959,0.1,0,0.0,0.0
1762438783.4914494,41.28214048,1,-0.17507773517980585,-0.035015547035961436,-1.3558333333333408,1.3675387854345176,0.17805905041326936,0.03561181008265466,1.355833333333341,1.367939053550719,0.022802446600692913,0.0045604893201386925,0.0020451185569043094,0.00040902371138087175,0.1,0,0.0,0.0
1762438783.5917315,41.382392025,1,-0.17556779052017646,-0.03511355810403538,-1.3575000000000075,1.3692564628406478,0.17821617193552636,0.03564323438710558,1.3575000000000075,1.3696122422411927,0.022463133097695473,0.004492626619539115,0.0020293968246251296,0.00040587936492502823,0.1,0,0.0,0.0
1762438783.6918278,41.482521517,1,-0.17571340255692647,-0.03514268051138547,-1.359166666666674,1.3709282386797113,0.17852989844638273,0.03570597968927709,1.359166666666674,1.3713066285126183,0.022666089043673985,0.00453321780873486,0.0020310831048569564,0.00040621662097139745,0.1,0,0.0,0.0
1762438783.7916787,41.582330599,1,-0.17583966033710485,-0.035167932067420526,-1.3608333333333409,1.372597439420786,0.1786615410028991,0.03573230820057934,1.360833333333341,1.3729763673108155,0.022682995418133966,0.004536599083626731,0.0020325959203509113,0.00040651918407017646,0.1,0,0.0,0.0
1762438783.891377,41.682082381,1,-0.17590684471999118,-0.035181368943999924,-1.3625000000000074,1.374258780848839,0.17874272055796767,0.03574854411159445,1.3625000000000074,1.374639286707092,0.022661180107343797,0.004532236021468853,0.0020122702881740003,0.00040245405763480823,0.1,0,0.0,0.0
1762438783.9919996,41.782698983,1,-0.17626835290378828,-0.03525367058075979,-1.364166666666674,1.375959319154929,0.17893966312281034,0.035787932624563694,1.3641666666666743,1.376317867937676,0.02252230422803935,0.004504460845608058,0.0020163591643755155,0.00040327183287512024,0.1,0,0.0,0.0
1762438784.09174,41.882395192,1,-0.17628054337781762,-0.03525610867556539,-1.3658333333333408,1.37761334111462,0.17911839292257412,0.03582367858451682,1.3658333333333408,1.3779939873145153,0.022708644876327337,0.00454172897526574,0.0020164860954255317,0.00040329721908513106,0.1,0,0.0,0.0
1762438784.1918159,41.982486452,1,-0.17630097087510954,-0.03526019417502324,-1.3675000000000075,1.3792684885926985,0.17913745234476133,0.03582749046895332,1.3675000000000073,1.3796485370941014,0.02271096399589121,0.004542192799178374,0.0020166931097919134,0.00040333862195839466,0.1,0,0.0,0.0
1762438784.2915773,42.082254402,1,-0.17663464637260606,-0.03532692927452219,-1.3691666666666742,1.3809652969362678,0.1793131515680016,0.03586263031360107,1.369166666666674,1.381324254362237,0.022503386597207718,0.004500677319441645,0.001977881047545445,0.00039557620950909776,0.1,0,0.0,0.0
1762438784.3915539,42.182267018,1,-0.1762505220942634,-0.0352501044188549,-1.3708333333333407,1.3825667593927746,0.17909825840329135,0.03581965168066016,1.3708333333333405,1.3829473096931109,0.02270660123275965,0.004541320246552134,0.002016296653619795,0.0004032593307239763,0.1,0,0.0,0.0
1762438784.4939027,42.284590324,1,-0.17624294951870567,-0.03524858990374202,-1.3725000000000074,1.384218295770315,0.1790836789643479,0.03581673579287114,1.3725000000000072,1.384597433420372,0.022704435837554406,0.004540887167511092,0.0020161096663556307,0.00040322193327114466,0.1,0,0.0,0.0
1762438784.5914621,42.382158713,1,-0.17625790571578825,-0.035251581143158184,-1.374166666666674,1.3858728480918467,0.17909588414947553,0.03581917682989574,1.3741666666666743,1.3862511954641743,0.022705813880182675,0.0045411627760366,0.002016234951794739,0.0004032469903589529,0.1,0,0.0,0.0
1762438784.6920617,42.482752943,1,-0.17661527557063295,-0.03532305511412659,-1.3758333333333408,1.3875727133734714,0.17928473012336396,0.03585694602467252,1.3758333333333408,1.3879287071549298,0.02253241148036103,0.004506482296072172,0.0019988636581133278,0.00039977273162266274,0.1,0,0.0,0.0
1762438784.7918587,42.582543311,1,-0.17661115126843008,-0.03532223025368442,-1.3775000000000075,1.3892247509681344,0.17945446949849223,0.03589089389969704,1.3775000000000075,1.3896036531644285,0.022718274062050688,0.004543654812409963,0.001998909807824268,0.0003997819615648379,0.1,0,0.0,0.0
1762438784.891694,42.682353493,1,-0.17660840553064094,-0.035321681106126324,-1.379166666666674,1.390877005527341,0.179449616543143,0.03588992330862691,1.379166666666674,1.3912551692328208,0.022717595338250275,0.004543519067649847,0.001998852979915527,0.0003997705959830865,0.1,0,0.0,0.0
1762438784.9915679,42.782243566,1,-0.17662476068412225,-0.03532495213682196,-1.3808333333333407,1.3925318139183236,0.17946126322216238,0.03589225264442964,1.3808333333333405,1.3929089321422454,0.0227188924937951,0.004543778498758651,0.0019989705810938307,0.0003997941162187339,0.1,0,0.0,0.0
1762438785.0915508,42.882246782,1,-0.17665895285257438,-0.03533179057051372,-1.3825000000000074,1.3941890011931335,0.17932637918697517,0.03586527583739367,1.3825000000000074,1.3945431217008757,0.022537555467146142,0.004507511093429063,0.0019993212129516473,0.00039986424259031464,0.1,0,0.0,0.0
1762438785.1915386,42.982241762,1,-0.17670013571317078,-0.03534002714263185,-1.384166666666674,1.3958471322428638,0.17953384225453767,0.03590676845090516,1.384166666666674,1.3962231403491332,0.022727930131941753,0.004545586026388053,0.0019997697025015307,0.0003999539405002793,0.1,0,0.0,0.0
1762438785.2922385,43.082950971,1,-0.17673300962562966,-0.03534660192512584,-1.3858333333333408,1.3975041920283404,0.17956862190816278,0.03591372438163202,1.3858333333333408,1.3978800783152876,0.022732386107501498,0.004546477221500228,0.0020001602015110036,0.00040003204030219505,0.1,0,0.0,0.0
1762438785.3915908,43.182252787,1,-0.17674666832018016,-0.03534933366403514,-1.3875000000000073,1.3991587508759666,0.1795885424623762,0.03591770849247478,1.3875000000000075,1.3995350572126202,0.022735126689993716,0.004547025337998704,0.002000397941850707,0.00040007958837013816,0.1,0,0.0,0.0
1762438785.4922998,43.28297353,1,-0.17672251475734946,-0.03534450295147007,-1.3891666666666742,1.4008083769341355,0.1795685530410723,0.03591371060821383,1.3891666666666742,1.4011847442891725,0.022732760424596415,0.004546552084919172,0.002000184148941951,0.000400036829788381,0.1,0,0.0,0.0
1762438785.5912888,43.382005122,1,-0.17669522321874798,-0.035339044643749595,-1.3908333333333407,1.4024576325493001,0.17954032632843578,0.03590806526568722,1.3908333333333405,1.4028333753658617,0.022729168162495466,0.004545833632499132,0.001999868039433532,0.00039997360788671,0.1,0,0.0,0.0
1762438785.6917648,43.482421153,1,-0.17701587065306423,-0.03540317413061311,-1.3925000000000074,1.4041525035414086,0.1796922730696261,0.035938454613925426,1.3925000000000076,1.4045060112085628,0.022550682362576575,0.00451013647251533,0.001982043239290464,0.00039640864785809394,0.1,0,0.0,0.0
1762438785.7916996,43.582367145,1,-0.17694835635183814,-0.03538967127036763,-1.394166666666674,1.4057965158915093,0.17963498924663127,0.03592699784932669,1.3941666666666743,1.4061508357856096,0.02251076638119553,0.004502153276239132,0.001960093315191109,0.0003920186630382229,0.1,0,0.0,0.0
1762438785.8917248,43.682436593,1,-0.17684309675915966,-0.035368619351831665,-1.3958333333333406,1.4074356520106661,0.1797068593384199,0.03594137186768433,1.3958333333333406,1.4078128540219663,0.022717633807649944,0.0045435267615300525,0.0019803895138808115,0.0003960779027761677,0.1,0,0.0,0.0
1762438785.9915724,43.782270949,1,-0.1767082700353786,-0.035341654007075896,-1.3975000000000075,1.4090710043169836,0.17957126718278105,0.03591425343655657,1.3975000000000077,1.409447382344427,0.022700533000378706,0.004540106600075823,0.0019788954060140475,0.0003957790812028169,0.1,0,0.0,0.0
1762438786.091885,43.882554126,1,-0.17694984288651483,-0.03538996857730492,-1.399166666666674,1.4107554918853218,0.17963462182589232,0.035926924365179774,1.3991666666666738,1.411108324106978,0.022510686740825615,0.004502137348165267,0.0019600879960265257,0.00039201759920531816,0.1,0,0.0,0.0
1762438786.1917753,43.982488958,1,-0.17689264512678182,-0.03537852902535743,-1.400833333333341,1.4124010322828806,0.179574562462992,0.03591491249259998,1.4008333333333411,1.4127529621986024,0.02247004832923612,0.004494009665847438,0.0019381344127566485,0.0003876268825513487,0.1,0,0.0,0.0
1762438786.2914498,44.082149998,1,-0.17683988042987853,-0.03536797608597819,-1.4025000000000074,1.4140472011368266,0.17969305783754033,0.035938611567510464,1.4025000000000074,1.414421234581985,0.02268252120790181,0.00453650424158067,0.001958894254488621,0.0003917788508977511,0.1,0,0.0,0.0
1762438786.3914275,44.182105636,1,-0.17675210651804374,-0.035350421303611324,-1.404166666666674,1.4156888737369897,0.17960738969369083,0.03592147793874147,1.404166666666674,1.4160625673986595,0.022671719725333904,0.00453434394506723,0.0019579546958876873,0.00039159093917757684,0.1,0,0.0,0.0
1762438786.4917083,44.282369221,1,-0.17666209415861545,-0.03533241883172478,-1.4058333333333408,1.4173303201597502,0.17951831598647286,0.03590366319729632,1.405833333333341,1.4177035162250027,0.022660500506151603,0.00453210010123055,0.001956982821941166,0.0003913965643882535,0.1,0,0.0,0.0
1762438786.5923204,44.383009795,1,-0.1769298726321047,-0.03538597452642378,-1.4075000000000073,1.4190181806526716,0.17978315947930518,0.03595663189586373,1.4075000000000073,1.4193911067107883,0.022660739551365723,0.004532147910273497,0.0019385674985406647,0.00038771349970816377,0.1,0,0.0,0.0
1762438786.691557,44.482247599,1,-0.17685721291170076,-0.035371442582341484,-1.4091666666666742,1.4206619257070685,0.17970950716411113,0.03594190143282386,1.409166666666674,1.4210341381149996,0.022651437619070038,0.004530287523814242,0.001937770566737738,0.0003875541133475684,0.1,0,0.0,0.0
1762438786.7917473,44.582374093,1,-0.17681752762762137,-0.03536350552552614,-1.4108333333333407,1.4223099908402048,0.17949507330992356,0.03589901466198682,1.4108333333333407,1.4226587486255098,0.022460049604674584,0.0044920099209352,0.0019372752740402124,0.0003874550548080672,0.1,0,0.0,0.0
1762438786.8917043,44.682342219,1,-0.17674488160646185,-0.03534897632129308,-1.4125000000000074,1.423953845214467,0.17960134257790397,0.035920268515581645,1.4125000000000076,1.4243255098277354,0.022637838155963274,0.004527567631192762,0.0019366004610144802,0.00038732009220290473,0.1,0,0.0,0.0
1762438786.991395,44.782083081,1,-0.17667398003356372,-0.03533479600671274,-1.4141666666666741,1.4255979812488753,0.1795268675590018,0.035905373511800176,1.414166666666674,1.4259686017348703,0.02262844955176475,0.004525689910352892,0.0019358006024119262,0.0003871601204823797,0.1,0,0.0,0.0
1762438787.0920937,44.882781059,1,-0.1769523225829488,-0.035390464516590114,-1.4158333333333406,1.4272871600431352,0.17963489820725384,0.03592697964145064,1.4158333333333406,1.4276356230838056,0.022444574839545806,0.004488914967909155,0.001917522992732345,0.00038350459854646923,0.1,0,0.0,0.0
1762438787.1940866,44.984752037,1,-0.1783744047475091,-0.03567488094950155,-1.4175000000000075,1.4291243386772932,0.18112214086267348,0.036224428172534746,1.4175000000000078,1.4294837141804475,0.02246071212202199,0.004492142424404397,0.001826336541350684,0.00036526730827013675,0.1,0,0.0,0.0
1762438787.2919056,45.082594512,1,-0.1781288818366651,-0.03562577636733355,-1.419166666666674,1.4307456525406446,0.1808988419593177,0.036179768391863674,1.4191666666666742,1.4311070520547755,0.022396957216221258,0.004479391443244298,0.0018025562828986603,0.00036051125657973656,0.1,0,0.0,0.0
1762438787.3923252,45.183010663,1,-0.18054196090340557,-0.03610839218068129,-1.4208333333333407,1.432713012694396,0.1828294444022647,0.03656588888045326,1.4208333333333405,1.4330146653405855,0.004225394877049601,0.0008450789754099295,0.0,0.0,0.0,0,0.0,0.0
1762438787.492356,45.283010709,1,-0.17829281443019074,-0.03565856288603886,-1.4225000000000074,1.4340732585138587,0.18150931273110366,0.03630186254622129,1.4225000000000074,1.434492839240567,0.0051108699238612545,0.001022173984772263,0.0,0.0,0.0,0,0.0,0.0
1762438787.5915725,45.382212407,1,-0.17681910294008762,-0.035363820588018235,-1.4241666666666741,1.4355369341871997,0.1799283994298405,0.03598567988596901,1.4241666666666741,1.4359386799312517,0.005065665982415541,0.0010131331964831367,0.0,0.0,0.0,0,0.0,0.0
1762438787.6918945,45.482555687,1,-0.1764781976709573,-0.03529563953419235,-1.4258333333333408,1.4371468369195206,0.17952901156866513,0.03590580231373355,1.425833333333341,1.4375397688687022,0.005053925978223685,0.00101078519564475,0.0,0.0,0.0,0,0.0,0.0
1762438787.7914693,45.582156226,1,-0.17604815991759004,-0.035209631983518896,-1.4275000000000073,1.4387456073937481,0.17889190512621322,0.03577838102524349,1.4275000000000075,1.439110369731417,0.004855371147847341,0.0009710742295694912,0.0,0.0,0.0,0,0.0,0.0
1762438787.8917189,45.682437471,1,-0.17613657809190642,-0.03522731561838155,-1.429166666666674,1.44041050364774,0.17895634844633662,0.03579126968926718,1.4291666666666738,1.4407719287751088,0.004856871529513513,0.0009713743059026953,0.0,0.0,0.0,0,0.0,0.0
1762438787.9914865,45.78219073,1,-0.17596632649051447,-0.03519326529810396,-1.4308333333333407,1.4420425589276857,0.1787780479498601,0.03575560958997294,1.4308333333333407,1.4424021914236376,0.004851987678180707,0.000970397535636166,0.0,0.0,0.0,0,0.0,0.0
1762438788.0914316,45.882129923,1,-0.17613619002232905,-0.03522723800446759,-1.4325000000000074,1.4437178276010263,0.1789487061126923,0.035789741222540264,1.4325000000000074,1.4440774892630257,0.004856603300309056,0.000971320660061863,0.0,0.0,0.0,0,0.0,0.0
1762438788.1914747,45.982165844,1,-0.17628516052619947,-0.03525703210524078,-1.4341666666666741,1.4453904468732375,0.17910445406284523,0.035820890812570505,1.4341666666666741,1.4457508670104802,0.004860863747699483,0.0009721727495399354,0.0,0.0,0.0,0,0.0,0.0
1762438788.2912376,46.081957134,1,-0.17639246496930472,-0.0352784929938621,-1.4358333333333408,1.4470577856039468,0.1792187180085007,0.03584374360170133,1.4358333333333408,1.4474189041017556,0.0048640107620613335,0.0009728021524122976,0.0,0.0,0.0,0,0.0,0.0
1762438788.3912504,46.181970709,1,-0.17645804375657992,-0.03529160875131687,-1.4375000000000073,1.4487198448474004,0.17929071845639194,0.03585814369127917,1.4375000000000073,1.449081508471354,0.0048660017556901415,0.0009732003511380498,0.0,0.0,0.0,0,0.0,0.0
1762438788.491339,46.282044898,1,-0.17650292227406528,-0.03530058445481199,-1.439166666666674,1.450379297728219,0.17933697054927314,0.03586739410985393,1.4391666666666738,1.4507408153803654,0.004867267454759513,0.0009734534909518885,0.0,0.0,0.0,0,0.0,0.0
1762438788.5913558,46.382073292,1,-0.17652917788910116,-0.03530583557781819,-1.4408333333333407,1.4520364138397204,0.17936745437927817,0.03587349087585365,1.440833333333341,1.4523981153535654,0.004868125973722884,0.0009736251947445295,0.0,0.0,0.0,0,0.0,0.0
1762438788.6918786,46.482548456,1,-0.17654652061766019,-0.035309304123529284,-1.4425000000000074,1.4536924265125382,0.17938646065204242,0.03587729213040566,1.4425000000000077,1.4540539647330493,0.0048686549518002255,0.0009737309903599703,0.0,0.0,0.0,0,0.0,0.0
1762438788.7914617,46.582147091,1,-0.17684416958647198,-0.03536883391729262,-1.4441666666666741,1.4553838585886991,0.17969420059349103,0.035938840118696164,1.4441666666666741,1.4557468760286396,0.00487705731135487,0.0009754114622709169,0.0,0.0,0.0,0,0.0,0.0
1762438788.8915682,46.682219722,1,-0.17678466182579022,-0.035356932365157245,-1.4458333333333409,1.457030184004756,0.17963648299499993,0.03592729659899854,1.445833333333341,1.4573928998185512,0.004875520029282857,0.0009751040058565325,0.0,0.0,0.0,0,0.0,0.0
1762438788.9912841,46.782002537,1,-0.1767222065881775,-0.0353444413176347,-1.4475000000000073,1.4586761867643796,0.17957443442609164,0.03591488688521723,1.4475000000000071,1.4590384184795988,0.004873839988792161,0.0009747679977584022,0.0,0.0,0.0,0,0.0,0.0
1762438789.0913405,46.882039231,1,-0.1766694899449055,-0.03533389798898012,-1.449166666666674,1.4603234644428225,0.17951877544636533,0.03590375508927223,1.449166666666674,1.4606848045163858,0.0048723180111746095,0.0009744636022349011,0.0,0.0,0.0,0,0.0,0.0
1762438789.1916318,46.982276738,1,-0.1766191524736822,-0.03532383049473653,-1.4508333333333407,1.4619710869687113,0.17946922532598644,0.03589384506519725,1.450833333333341,1.4623320184088864,0.004870978344964274,0.0009741956689928509,0.0,0.0,0.0,0,0.0,0.0
1762438789.2914917,47.082178719,1,-0.17656946819416852,-0.03531389363883397,-1.4525000000000075,1.4636188363717952,0.17941943155167392,0.035883886310334984,1.4525000000000072,1.4639792470233586,0.004869651727984265,0.0009739303455968589,0.0,0.0,0.0,0,0.0,0.0
1762438789.3920414,47.182704547,1,-0.17687236047936494,-0.03537447209587352,-1.4541666666666742,1.4653108474388874,0.17971949269609291,0.03594389853921906,1.4541666666666744,1.4656710935068635,0.004877713008806959,0.000975542601761402,0.0,0.0,0.0,0,0.0,0.0
1762438789.4923449,47.282301895,1,-0.17681693902185103,-0.03536338780437065,-1.4558333333333406,1.4669579044971006,0.17966819099474154,0.0359336381989492,1.4558333333333406,1.4673181589737114,0.004876370404512146,0.0009752740809024499,0.0,0.0,0.0,0,0.0,0.0
1762438789.591443,47.382121278,1,-0.1767466605019301,-0.0353493321003846,-1.4575000000000076,1.4686031483278763,0.17959993345546593,0.03591998669109165,1.4575000000000076,1.4689631144249737,0.004874536600432982,0.0009749073200865542,0.0,0.0,0.0,0,0.0,0.0
1762438789.691343,47.482024175,1,-0.17669112194399794,-0.03533822438879808,-1.459166666666674,1.470250286103667,0.17953987742155947,0.03590797548431049,1.459166666666674,1.4706091633738256,0.004872886489324782,0.0009745772978649167,0.0,0.0,0.0,0,0.0,0.0
1762438789.7917001,47.582317666,1,-0.17662884513058952,-0.035325769026116394,-1.4608333333333408,1.4718966290698718,0.17948157462024789,0.03589631492404787,1.460833333333341,1.4722554835459403,0.004871346084335798,0.0009742692168671131,0.0,0.0,0.0,0,0.0,0.0
1762438789.8913877,47.682084479,1,-0.17657111639969436,-0.035314223279937274,-1.4625000000000075,1.473543587245563,0.17942095286343673,0.03588419057268593,1.4625000000000075,1.4739015582661898,0.004869677054213244,0.0009739354108426136,0.0,0.0,0.0,0,0.0,0.0
1762438789.9919558,47.782635739,1,-0.1765271746345416,-0.035305434926907964,-1.464166666666674,1.4751923077679165,0.17937382608351943,0.03587476521670378,1.464166666666674,1.4755493878691397,0.004868383228998657,0.0009736766457997314,0.0,0.0,0.0,0,0.0,0.0
1762438790.091482,47.882154192,1,-0.17648692513589204,-0.03529738502717805,-1.4658333333333409,1.4768415288191257,0.17933639814508132,0.03586727962901597,1.4658333333333406,1.4771984858368796,0.0048673937144348605,0.0009734787428869666,0.0,0.0,0.0,0,0.0,0.0
1762438790.1917152,47.982393066,1,-0.176453875233749,-0.03529077504674971,-1.4675000000000074,1.4784916837400301,0.17929778109078173,0.03585955621815686,1.4675000000000076,1.4788474742434607,0.00486631019484604,0.000973262038969226,0.0,0.0,0.0,0,0.0,0.0
1762438790.2924466,48.083086458,1,-0.17678630179126298,-0.03535726035825215,-1.4691666666666743,1.480187226943112,0.1794599558789013,0.03589199117577952,1.4691666666666745,1.4805218016763841,0.0046897301373488,0.0009379460274697412,0.0,0.0,0.0,0,0.0,0.0
1762438790.3920665,48.182758892,1,-0.17678429981762545,-0.03535685996352367,-1.4708333333333408,1.481841250152308,0.1794574904848528,0.03589149809696917,1.470833333333341,1.48217538940951,0.004689665987340717,0.0009379331974681087,0.0,0.0,0.0,0,0.0,0.0
1762438790.491737,48.282387751,1,-0.17678062165289887,-0.035356124330578886,-1.4725000000000072,1.4834950939317886,0.1796251236272252,0.03592502472544422,1.4725000000000072,1.4838504110723698,0.0048751369443984695,0.0009750273888796711,0.0,0.0,0.0,0,0.0,0.0
1762438790.5922723,48.382954467,1,-0.17707000407778573,-0.0354140008155559,-1.4741666666666742,1.485185274270185,0.17975337954338616,0.03595067590867557,1.4741666666666742,1.4855204777002209,0.004697437104963627,0.0009394874209926787,0.0,0.0,0.0,0,0.0,0.0
1762438790.6932018,48.483896841,1,-0.179056082512413,-0.03581121650248287,-1.4758333333333407,1.4870869348124471,0.1820120950986635,0.03640241901973272,1.4758333333333407,1.4874601059021693,0.00494047799674472,0.0009880955993489412,0.0,0.0,0.0,0,0.0,0.0
1762438790.7918963,48.582584894,1,-0.1782770462963965,-0.03565540925928046,-1.4775000000000076,1.4886437664685386,0.18124549301153653,0.036249098602308384,1.4775000000000076,1.4890165129663597,0.004920020663829545,0.000984004132765934,0.0,0.0,0.0,0,0.0,0.0
1762438790.8917565,48.682388597,1,-0.17731790533540348,-0.03546358106708114,-1.479166666666674,1.4901789600287734,0.18024823590245515,0.03604964718049177,1.479166666666674,1.4905445418992298,0.0048927691754567185,0.0009785538350913692,0.0,0.0,0.0,0,0.0,0.0
1762438790.9919822,48.782694648,1,-0.17726110732112055,-0.03545222146422544,-1.4808333333333408,1.4918263039933943,0.1801602601577316,0.036032052031547405,1.4808333333333408,1.4921874511015158,0.0048900993530437255,0.0009780198706087762,0.0,0.0,0.0,0,0.0,0.0
1762438791.0913858,48.882082519,1,-0.1766622878848194,-0.03533245757696468,-1.4825000000000075,1.4934069092243913,0.17953957176783097,0.03590791435356704,1.4825000000000073,1.493763731700506,0.004873148454413477,0.0009746296908827237,0.0,0.0,0.0,0,0.0,0.0
1762438791.191665,48.982332833,1,-0.1765275422427841,-0.035305508448558065,-1.484166666666674,1.4950448643908836,0.17938743347477867,0.03587748669495719,1.484166666666674,1.4953988564208147,0.00486886591328195,0.0009737731826564297,0.0,0.0,0.0,0,0.0,0.0
1762438791.292335,49.082985727,1,-0.17675857544334939,-0.03535171508867041,-1.4858333333333409,1.4967277749133072,0.17961658998377458,0.03592331799675544,1.4858333333333409,1.4970815938410846,0.004875044433768469,0.0009750088867537095,0.0,0.0,0.0,0,0.0,0.0
1762438791.3918347,49.182504612,1,-0.1766803821599474,-0.03533607643199099,-1.4875000000000074,1.4983727325795189,0.1795318783659891,0.0359063756731994,1.4875000000000076,1.4987251960128074,0.004872700510524574,0.0009745401021049528,0.0,0.0,0.0,0,0.0,0.0
1762438791.4914813,49.282169299,1,-0.17661926239437964,-0.03532385247887637,-1.489166666666674,1.500019833040156,0.179468873965082,0.03589377479301702,1.489166666666674,1.5003715542832448,0.004870983512760623,0.0009741967025521444,0.0,0.0,0.0,0,0.0,0.0
1762438791.5914485,49.382129919,1,-0.17658120805590194,-0.0353162416111803,-1.4908333333333408,1.5016697998354436,0.17942846374486038,0.03588569274897236,1.4908333333333406,1.5020207669415606,0.004869864230495908,0.0009739728460991917,0.0,0.0,0.0,0,0.0,0.0
1762438791.691562,49.482227847,1,-0.17653693803695703,-0.03530738760739194,-1.4925000000000075,1.5033190453497038,0.17938644253781555,0.035877288507564005,1.4925000000000073,1.5036698193410178,0.004868750085008728,0.0009737500170017778,0.0,0.0,0.0,0,0.0,0.0
1762438791.7915683,49.582244618,1,-0.17678877207958976,-0.0353577544159176,-1.4941666666666742,1.505004474580905,0.17964545426701087,0.03592909085340207,1.4941666666666742,1.5053562424177718,0.004875809621240818,0.0009751619242481654,0.0,0.0,0.0,0,0.0,0.0
1762438791.8915691,49.682251767,1,-0.17672053945999355,-0.035344107891999155,-1.4958333333333407,1.5066508275446058,0.17956996192129887,0.03591399238425998,1.4958333333333407,1.5070011769021703,0.004873708947470916,0.0009747417894941845,0.0,0.0,0.0,0,0.0,0.0
1762438791.9919207,49.782583887,1,-0.17669721082357093,-0.03533944216471241,-1.4975000000000074,1.5083026985606585,0.17953956820932326,0.035907913641863756,1.4975000000000074,1.5086517440466252,0.004872822177768083,0.0009745644355535964,0.0,0.0,0.0,0,0.0,0.0
1762438792.0917094,49.882362733,1,-0.17670054590685425,-0.03534010918136987,-1.499166666666674,1.5099578473206456,0.17954073198426734,0.03590814639685233,1.4991666666666745,1.5103062483693737,0.004872825907022547,0.0009745651814044746,0.0,0.0,0.0,0,0.0,0.0
1762438792.1914883,49.982162311,1,-0.17671063092554995,-0.0253588631485826,-1.5008333333333406,1.5114133827205452,0.1795493050250101,0.025915711217218623,1.5008333333333406,1.5117573454319064,0.00487304690290845,0.0007047043675150306,0.0,0.0,0.0,0,0.0,0.0
1762438792.2913227,50.08200683,1,-0.17671797187173421,-0.015643048563164452,-1.5025000000000075,1.5129376049761045,0.17955822064378976,0.016136130473954957,1.5025000000000075,1.5132771653955066,0.004873298675739762,0.0004401033306322462,0.0,0.0,0.0,0,0.0,0.0
1762438792.39136,50.182040923,1,-0.1766959197353346,-0.006434343850964641,-1.504166666666674,1.514523096536676,0.17954227519970314,0.00683129965485891,1.5041666666666742,1.514859550040859,0.004872924915885045,0.00018797909143737358,0.0,0.0,0.0,0,0.0,0.0
1762438792.4914236,50.282106997,1,-0.17666186438385356,0.0021225194952920745,-1.505833333333341,1.5161622430315258,0.17950943298997532,0.0018549579293801327,1.5058333333333407,1.5164963254749753,0.004872051978267269,4.725531497035006e-05,0.0,0.0,0.0,0,0.0,0.0
1762438792.5916414,50.382312802,1,-0.1766273831271672,0.009959878248265497,-1.5075000000000074,1.5178447488610598,0.1794741596384942,0.009809122735717712,1.5075000000000074,1.5181776717060524,0.004871099643233123,0.00026333815983457765,0.0,0.0,0.0,0,0.0,0.0
1762438792.6912963,50.482010517,1,-0.17660667938633434,0.01706109149227686,-1.5091666666666743,1.5195608009634154,0.1794512998645067,0.017034718204383018,1.5091666666666743,1.5198937391887517,0.004870458280364549,0.0004595681018610672,0.0,0.0,0.0,0,0.0,0.0
1762438792.791259,50.581964939,1,-0.17658793194086186,0.02344473151590698,-1.5108333333333408,1.5212988905057865,0.179431838882414,0.0235382066333847,1.5108333333333408,1.521633067821337,0.0048699296790554935,0.0006362454894937134,0.0,0.0,0.0,0,0.0,0.0
1762438792.8914473,50.682145033,1,-0.1765631976397808,0.029148069101487817,-1.5125000000000073,1.5230497111693864,0.1794096561473913,0.029354600968304823,1.512500000000007,1.5233862830277012,0.004869345781557693,0.0007943059929385497,0.0,0.0,0.0,0,0.0,0.0
1762438792.9913712,50.782068043,1,-0.1765569710558612,0.03422011135984171,-1.5141666666666742,1.5248095207252501,0.1793982575118987,0.03453073297919018,1.5141666666666744,1.5251481242039586,0.0048689920376214805,0.0009349981162703721,0.0,0.0,0.0,0,0.0,0.0
1762438793.0919194,50.88255915,1,-0.17688412792342323,0.03876059706460033,-1.5158333333333407,1.5266109763264841,0.1795594674351208,0.039141629870272046,1.5158333333333407,1.5269329926289994,0.004692332625714835,0.001020998729086171,0.0,0.0,0.0,0,0.0,0.0
1762438793.1934159,50.984096605,1,-0.17654350484675163,0.042677295108734636,-1.5175000000000076,1.5283308577076484,0.17938606483884664,0.04316958692360591,1.5175000000000078,1.5286756436515712,0.004868673424849655,0.0011698808997097753,0.0,0.0,0.0,0,0.0,0.0
1762438793.2917511,51.082442018,1,-0.17719659552533074,0.04630357690674769,-1.519166666666674,1.530166662756466,0.1798734458219516,0.046837792422496756,1.5191666666666743,1.5304952128059761,0.004700514391471403,0.0012224773497407516,0.0,0.0,0.0,0,0.0,0.0
1762438793.3912277,51.181923603,1,-0.1768010605869641,0.049300915508270204,-1.5208333333333406,1.531869192546292,0.17965471723373183,0.04994075360784887,1.5208333333333406,1.5322218912654433,0.004876029499472451,0.0013540296525545858,0.0,0.0,0.0,0,0.0,0.0
1762438793.4916751,51.282326706,1,-0.17674124305467043,0.05198841421737388,-1.5225000000000075,1.5336057225406308,0.1795920146643217,0.05268923363915882,1.5225000000000077,1.5339607873321586,0.004874314323487496,0.0014287878949264606,0.0,0.0,0.0,0,0.0,0.0
1762438793.5913258,51.382005766,1,-0.17669999613535392,0.05434536508968524,-1.524166666666674,1.5353372056713683,0.17954662037147212,0.05509960835422105,1.5241666666666742,1.5356943001474632,0.004873050570682038,0.001494348359401235,0.0,0.0,0.0,0,0.0,0.0
1762438793.6912699,51.481953541,1,-0.17700570733906318,0.0565045283725194,-1.525833333333341,1.5371047925461483,0.17968318752237591,0.05725860665888961,1.525833333333341,1.5374433183131835,0.0046955687109213546,0.0014953953635016568,0.0,0.0,0.0,0,0.0,0.0
1762438793.7914565,51.582131105,1,-0.17665796798101407,0.058217818250855924,-1.5275000000000074,1.5387831562676704,0.17950159452030742,0.059061568531100096,1.527500000000007,1.5391443536305192,0.0048718025240524765,0.0016021248458628122,0.0,0.0,0.0,0,0.0,0.0
1762438793.8914244,51.682109167,1,-0.17665151089390552,0.059799425443970655,-1.529166666666674,1.5404974592737877,0.17949306153962327,0.060679606184403295,1.5291666666666737,1.5408603013226172,0.004871558145030551,0.0016461410157368656,0.0,0.0,0.0,0,0.0,0.0
1762438793.9914308,51.782082838,1,-0.1766480872884273,0.061181938244945666,-1.5308333333333408,1.5422057160944955,0.179490285174344,0.06209469084912054,1.5308333333333413,1.5425703249926999,0.004871488798402513,0.0016846413112375045,0.0,0.0,0.0,0,0.0,0.0
1762438794.0916758,51.882358214,1,-0.17697762583730725,0.06250027024704563,-1.5325000000000073,1.5439506513577388,0.1796523993754634,0.06338557168752221,1.5325000000000073,1.5442956210841035,0.004694747241952989,0.0016558781617680412,0.0,0.0,0.0,0,0.0,0.0
1762438794.1914685,51.982153575,1,-0.17662422146060042,0.06343866320837188,-1.5341666666666742,1.5456027758474566,0.17946957670206354,0.06440560882581228,1.5341666666666745,1.5459704953591373,0.004870952174687205,0.0017475215619131212,0.0,0.0,0.0,0,0.0,0.0
1762438794.2914414,52.082143294,1,-0.1765981600600215,0.06435164406713767,-1.5358333333333407,1.5472918509474962,0.17944447584685613,0.06534066280350585,1.535833333333341,1.5476607347559592,0.004870281134271575,0.0017729657989217248,0.0,0.0,0.0,0,0.0,0.0
1762438794.3920293,52.182690899,1,-0.1769054740875049,0.06526547040245223,-1.5375000000000072,1.5490194893509248,0.1797507525576076,0.06627278307966909,1.537500000000007,1.5493897717560203,0.004878535422398475,0.001798295445741644,0.0,0.0,0.0,0,0.0,0.0
1762438794.4917197,52.282375468,1,-0.17687623137554898,0.06595888045919329,-1.5391666666666741,1.550699778459663,0.1797237939341752,0.06698375529584591,1.5391666666666741,1.5510710794020461,0.004877829859400983,0.0018176501795846931,0.0,0.0,0.0,0,0.0,0.0
1762438794.5915835,52.382272918,1,-0.177142852529518,0.06667036969072271,-1.5408333333333406,1.5524148574102625,0.17983086951027272,0.06765141390600266,1.5408333333333406,1.5527663109893373,0.004699491453403008,0.001767645805185556,0.0,0.0,0.0,0,0.0,0.0
1762438794.6913638,52.482038056,1,-0.17671935463761557,0.06705082061196288,-1.5425000000000075,1.5540372559396045,0.1795752166065368,0.06810606920272223,1.5425000000000073,1.554410481527178,0.004873896348008263,0.0018482270019147145,0.0,0.0,0.0,0,0.0,0.0
1762438794.7913127,52.582027127,1,-0.17665875892833682,0.06749516517226262,-1.544166666666674,1.5557038949852244,0.17950994966006995,0.06855984117676475,1.544166666666674,1.5560767874027333,0.004872098349618255,0.0018605659120183593,0.0,0.0,0.0,0,0.0,0.0
1762438794.8913999,52.682083656,1,-0.17661736174893505,0.06788656112994129,-1.5458333333333405,1.5573705314078823,0.17946511660115738,0.06895967950691316,1.5458333333333407,1.557743194470395,0.004870857149071315,0.0018714375427448474,0.0,0.0,0.0,0,0.0,0.0
1762438794.9917092,52.782411115,1,-0.17693633487195282,0.06836245195495527,-1.5475000000000074,1.5590818264078496,0.17961095923921452,0.0693782014756238,1.5475000000000072,1.5594324870025138,0.004693671455393522,0.0018128610945823348,0.0,0.0,0.0,0,0.0,0.0
1762438795.0920172,52.882693309,1,-0.17690373687363614,0.06865986715113692,-1.549166666666674,1.5607454855254914,0.17975086778996896,0.06974847803646464,1.5491666666666741,1.5611190171703067,0.004878566986343782,0.0018928745048717266,0.0,0.0,0.0,0,0.0,0.0
1762438795.1916711,52.982333698,1,-0.17654462090682443,0.06879167785148077,-1.5508333333333408,1.5623649784511162,0.17938903662110675,0.06988584020985185,1.550833333333341,1.5627374971182737,0.004868772545998004,0.001896632965538553,0.0,0.0,0.0,0,0.0,0.0
1762438795.2914956,53.082181787,1,-0.17687871656868648,0.06915550300252837,-1.5525000000000073,1.5640731485357522,0.1795513333146967,0.07018879048194969,1.5525000000000075,1.5644236630799304,0.0046921024896167535,0.0018340939676808248,0.0,0.0,0.0,0,0.0,0.0
1762438795.3913426,53.182023403,1,-0.1768617199479161,0.06935382569217152,-1.5541666666666742,1.5657343481251462,0.17970774956311922,0.07045903695397303,1.554166666666674,1.5661077162568746,0.004877387147046316,0.0019122066527564126,0.0,0.0,0.0,0,0.0,0.0
1762438795.4913943,53.282056545,1,-0.1768184616147277,0.06951551437671544,-1.5558333333333407,1.567390996598485,0.17966799170347242,0.07062636203163182,1.5558333333333407,1.5677646607089075,0.004876340852781413,0.0019167734295141433,0.0,0.0,0.0,0,0.0,0.0
1762438795.5916622,53.38233019,1,-0.17708500618958922,0.06977544024034898,-1.5575000000000072,1.5690869834008323,0.1797711657779077,0.07082605776609056,1.5575000000000072,1.5694394707996406,0.004697938410535728,0.0018508182307178285,0.0,0.0,0.0,0,0.0,0.0
1762438795.6913607,53.482041329,1,-0.17699505990958286,0.06987619238285392,-1.5591666666666741,1.5707356963979617,0.17985535734417168,0.07099816175533878,1.5591666666666744,1.5711108754580325,0.004881489051044539,0.001926909076237959,0.0,0.0,0.0,0,0.0,0.0
1762438795.7913892,53.582078944,1,-0.17685586972967382,0.06994004038122625,-1.5608333333333406,1.5723772773577065,0.17972204243260573,0.07106716391070246,1.5608333333333404,1.572752761487617,0.004877958761757629,0.0019288248997988919,0.0,0.0,0.0,0,0.0,0.0
1762438795.8914437,53.682131927,1,-0.17672849592865614,0.06999316638831266,-1.5625000000000075,1.5740197758015273,0.17958989452608926,0.0711209004650821,1.5625000000000073,1.5743941573503375,0.004874351778642751,0.0019302828323618376,0.0,0.0,0.0,0,0.0,0.0
1762438795.9919617,53.782627178,1,-0.17696059524676677,0.07017484543149477,-1.564166666666674,1.5757083874602427,0.17964866304728858,0.07123627936982165,1.5641666666666743,1.5760601545449553,0.0046947785199672855,0.0018615844458865524,0.0,0.0,0.0,0,0.0,0.0
1762438796.0914314,53.882133333,1,-0.17689027750025232,0.07022561269166738,-1.565833333333341,1.577357231171759,0.17957231244148647,0.07128644446390209,1.565833333333341,1.577707831107423,0.004692738371360662,0.0018628830247685475,0.0,0.0,0.0,0,0.0,0.0
1762438796.1914966,53.982189573,1,-0.17650081854574484,0.07013972609437857,-1.5675000000000074,1.578964334658619,0.17935036843067184,0.07126848426583593,1.5675000000000074,1.5793359368753028,0.004867776880048863,0.0019342763566237756,0.0,0.0,0.0,0,0.0,0.0
1762438796.291404,54.082089215,1,-0.17646594488410905,0.07018527612088565,-1.569166666666674,1.580617041052578,0.1793102467395873,0.0713133858056673,1.5691666666666737,1.580987600001556,0.004866653553737518,0.0019354857049313449,0.0,0.0,0.0,0,0.0,0.0
1762438796.3914204,54.182099125,1,-0.17679772864973575,0.0703686987795118,-1.5708333333333409,1.5823168303897808,0.17947276785482522,0.07143083654835608,1.5708333333333409,1.5826655363413347,0.0046900755513824615,0.0018666443278204437,0.0,0.0,0.0,0,0.0,0.0
1762438796.4914541,54.282140468,1,-0.1767733696501761,0.0704041172346308,-1.5725000000000073,1.5839702692730973,0.17962014979644336,0.07153552190553034,1.5725000000000076,1.584341181408606,0.004875025435762799,0.0019415059537845306,0.0,0.0,0.0,0,0.0,0.0
1762438796.5913675,54.382043764,1,-0.17671903589833082,0.07042178068303251,-1.5741666666666743,1.585619607373683,0.1795702006203538,0.0715558730655947,1.5741666666666743,1.5859906665442522,0.004873725976796476,0.001942083476569807,0.0,0.0,0.0,0,0.0,0.0
1762438796.6914368,54.482108069,1,-0.1770060510805962,0.0705702547342062,-1.5758333333333407,1.5873128227973416,0.17951975397020412,0.07157083142680634,1.5758333333333405,1.5876398900320923,0.004510367244553603,0.0017981760234225955,0.0,0.0,0.0,0,0.0,0.0
1762438796.7915752,54.582250438,1,-0.1766087155626126,0.07044190783122906,-1.5775000000000077,1.588917540589065,0.17962848762217942,0.07164468274481654,1.5775000000000077,1.5893097885972578,0.005056397560984203,0.0020167249266756547,0.0,0.0,0.0,0,0.0,0.0
1762438796.8916018,54.682292193,1,-0.17656383828768352,0.0704500043336509,-1.5791666666666742,1.5905676198177259,0.17941095859706424,0.07158464318876319,1.579166666666674,1.5909368354263203,0.00486939157927738,0.0019428657851459472,0.0,0.0,0.0,0,0.0,0.0
1762438796.9916327,54.782333332,1,-0.1768910191696227,0.07060307363355411,-1.5808333333333406,1.5922654472314512,0.17956345143204508,0.07166860131772579,1.5808333333333406,1.592612146532491,0.004692420951712497,0.0018728611167611465,0.0,0.0,0.0,0,0.0,0.0
1762438797.09129,54.881985327,1,-0.17655707833865097,0.07048960075152255,-1.5825000000000076,1.593878111941316,0.17939885756505405,0.07162312907820376,1.582500000000008,1.5942459260461117,0.004869013103241292,0.0019438934374612293,0.0,0.0,0.0,0,0.0,0.0
1762438797.1915045,54.982201809,1,-0.17657209265385365,0.07051272711756562,-1.584166666666674,1.5955355766536572,0.1794105715496376,0.07164535010387138,1.5841666666666738,1.595902640248795,0.00486930039030556,0.0019444855389005417,0.0,0.0,0.0,0,0.0,0.0
1762438797.2917342,55.082419341,1,-0.17691877516022458,0.07066603249745107,-1.585833333333341,1.5972355187210996,0.17959153322539376,0.07173286081490213,1.5858333333333412,1.597581322887218,0.004693143480313712,0.0018745393664229089,0.0,0.0,0.0,0,0.0,0.0
1762438797.3917212,55.182364751,1,-0.17691864366109922,0.07067901570940949,-1.5875000000000075,1.598890859232286,0.17975997392868695,0.07181343869832373,1.5875000000000072,1.599258286895692,0.004878759930095847,0.0019490401321767576,0.0,0.0,0.0,0,0.0,0.0
1762438797.491599,55.282268653,1,-0.17692234452742817,0.07069185021466362,-1.5891666666666744,1.6005466404089332,0.1797616194154278,0.07182572404699575,1.589166666666674,1.6009134482832608,0.004878787682397862,0.0019493676203057183,0.0,0.0,0.0,0,0.0,0.0
1762438797.5912204,55.381911379,1,-0.17691798586980223,0.07070000371915963,-1.5908333333333409,1.6022013477383499,0.17976243465471958,0.07183618106145767,1.590833333333341,1.6025684585274214,0.004878846312938021,0.0019496667160573437,0.0,0.0,0.0,0,0.0,0.0
1762438797.6914887,55.482155806,1,-0.1768858724339628,0.0706957944779365,-1.5925000000000074,1.6038524736470041,0.17973376687516895,0.07183355471321325,1.5925000000000074,1.6042196035885787,0.004878101754218445,0.0019496094339215718,0.0,0.0,0.0,0,0.0,0.0
1762438797.7919223,55.582596543,1,-0.17716049582739668,0.07081304103446717,-1.5941666666666743,1.6055428020372093,0.17984629495078516,0.07188620982761637,1.5941666666666743,1.6058890615736943,0.004699882458792756,0.0018785826217808973,0.0,0.0,0.0,0,0.0,0.0
1762438797.8917153,55.682412259,1,-0.17735254349657126,0.07089636289212775,-1.5958333333333408,1.607222525580648,0.18005238765596124,0.07197528741071614,1.5958333333333405,1.6075706305093624,0.004705353783956022,0.0018809450505125676,0.0,0.0,0.0,0,0.0,0.0
1762438797.9912286,55.781921248,1,-0.17684641961461445,0.07069982880329029,-1.5975000000000077,1.60881303199699,0.17971320521272122,0.07184560739752281,1.597500000000008,1.6091814308617205,0.004877733241173646,0.0019500136630139734,0.0,0.0,0.0,0,0.0,0.0
1762438798.0912168,55.881914837,1,-0.1767437267587102,0.07066377415497316,-1.5991666666666742,1.6104551349553904,0.1795986095420986,0.07180491633084485,1.599166666666674,1.6108214160286471,0.004874533705909805,0.0019488739444569415,0.0,0.0,0.0,0,0.0,0.0
1762438798.1916735,55.982351873,1,-0.176684593275084,0.07064447984113009,-1.6008333333333407,1.612102803528342,0.17953400559982008,0.0717835404596446,1.6008333333333404,1.6124678902101497,0.004872738704950294,0.0019482774778370505,0.0,0.0,0.0,0,0.0,0.0
1762438798.2915087,56.082182682,1,-0.17666077056959173,0.0706387362643679,-1.6025000000000076,1.6137549717721378,0.17950550410185231,0.07177601771794109,1.6025000000000076,1.6141190392044604,0.004871913839186571,0.0019480530675569767,0.0,0.0,0.0,0,0.0,0.0
1762438798.3911383,56.18185311,1,-0.17697274734675794,0.07076676013628536,-1.604166666666674,1.6154497770243785,0.17964979159225783,0.07183707552465708,1.6041666666666743,1.6157924704254398,0.004694699067232518,0.0018772812393765958,0.0,0.0,0.0,0,0.0,0.0
1762438798.4915514,56.282239528,1,-0.17695207329588314,0.07076136692557888,-1.605833333333341,1.6171023164096194,0.17962831402266477,0.07183142596338718,1.605833333333341,1.6174445212739224,0.004694136789136926,0.0018771333909589046,0.0,0.0,0.0,0,0.0,0.0
1762438798.5915182,56.382212653,1,-0.17692765943,0.07075410668262094,-1.6075000000000075,1.6187543946763072,0.17977263499292764,0.07189169184511307,1.6075000000000075,1.6191179282710315,0.004879139219047759,0.0019511832658838382,0.0,0.0,0.0,0,0.0,0.0
1762438798.6917076,56.482239497,1,-0.17689724546635777,0.0707441230358632,-1.609166666666674,1.6204057292878327,0.17974525190970977,0.07188297250912412,1.6091666666666737,1.6207692242981313,0.004878424726971559,0.001950958252213756,0.0,0.0,0.0,0,0.0,0.0
1762438798.7914479,56.582118869,1,-0.17685337255717215,0.0707284758807929,-1.6108333333333409,1.6220553814414191,0.17970336238370616,0.07186816403284653,1.6108333333333413,1.6224186756911008,0.004877304066863843,0.0019505629745938794,0.0,0.0,0.0,0,0.0,0.0
1762438798.8922215,56.682914433,1,-0.17838270655291844,0.07134172064664224,-1.6125000000000074,1.6239046403967174,0.18092612379611467,0.07235884513213939,1.6125000000000074,1.6242309918052813,0.004545766124860081,0.001818014162209889,0.0,0.0,0.0,0,0.0,0.0
1762438798.9913845,56.782079014,1,-0.1785629641241715,0.07141527398461722,-1.6141666666666743,1.6255826344092479,0.1815201950187571,0.07259791854633528,1.614166666666674,1.6259625047198076,0.0049272434486066505,0.001970620853137781,0.0,0.0,0.0,0,0.0,0.0
1762438799.0911264,56.881841425,1,-0.17724422387611405,0.0708891590431695,-1.6158333333333408,1.6270704191516818,0.18034804837689283,0.07213046312202459,1.6158333333333408,1.6274660006816384,0.005077338653940181,0.0020306882547177787,0.0,0.0,0.0,0,0.0,0.0
1762438799.1912422,56.981940854,1,-0.17658408915638546,0.0706262570698506,-1.6175000000000073,1.6286424588383144,0.17946060195719873,0.07177668131997175,1.6175000000000073,1.6290071361526235,0.0048710301803441885,0.0019482063370512184,0.0,0.0,0.0,0,0.0,0.0
1762438799.2912579,57.081940235,1,-0.17650440698518244,0.07059534808931733,-1.6191666666666742,1.6302877670219793,0.17935142489528516,0.07173400007106406,1.6191666666666744,1.6306481517551954,0.004867791616311117,0.001946937862881983,0.0,0.0,0.0,0,0.0,0.0
1762438799.3913293,57.182046485,1,-0.1765269108308325,0.07060518058696141,-1.6208333333333407,1.631945935445676,0.17935748119363557,0.0717372748183705,1.6208333333333405,1.6323039046399905,0.004867808580855624,0.0019469678503686793,0.0,0.0,0.0,0,0.0,0.0
1762438799.4920292,57.282728902,1,-0.17659989655886532,0.07063509416594638,-1.6225000000000076,1.633610446217965,0.17926044116659212,0.07169920279408651,1.6225000000000076,1.6339465509766755,0.004684430889151009,0.0018736420574554083,0.0,0.0,0.0,0,0.0,0.0
1762438799.59128,57.38197874,1,-0.1766657676488781,0.07066206793816798,-1.624166666666674,1.635274069511102,0.17949815482746592,0.07179492165457373,1.624166666666674,1.6356318227134694,0.0048716113422786035,0.0019485264396313386,0.0,0.0,0.0,0,0.0,0.0
1762438799.691951,57.482614224,1,-0.17671913540399187,0.07068395930232274,-1.6258333333333406,1.6369361327487362,0.17955098071535344,0.07181660940954025,1.6258333333333408,1.6372935619004705,0.004873030390605618,0.0019491092271145779,0.0,0.0,0.0,0,0.0,0.0
1762438799.7923229,57.582987189,1,-0.1770873796905006,0.0708317224091437,-1.6275000000000075,1.6386376423557216,0.17976088410525,0.07190105171597297,1.6275000000000075,1.6389752855647912,0.004697533544775782,0.001878926916665904,0.0,0.0,0.0,0,0.0,0.0
1762438799.8919904,57.682653051,1,-0.17760965488000346,0.071041035815254,-1.629166666666674,1.6403585114401362,0.1803240520953913,0.07212673019201696,1.629166666666674,1.640702001202563,0.004712526972631413,0.0018849350529716285,0.0,0.0,0.0,0,0.0,0.0
1762438799.9911377,57.781854221,1,-0.17698057154648117,0.07078977992854396,-1.630833333333341,1.6419350403589013,0.1800394601180902,0.07201327202793548,1.6308333333333411,1.6423207602837269,0.005068271152275887,0.0020272375547133454,0.0,0.0,0.0,0,0.0,0.0
1762438800.091366,57.882052659,1,-0.17680186840029455,0.07071861829461623,-1.6325000000000074,1.6435681530266273,0.17966576021781072,0.071864123503095,1.632500000000007,1.6439283705932977,0.004876435553603737,0.001950514881984661,0.0,0.0,0.0,0,0.0,0.0
1762438800.1915262,57.982213156,1,-0.1767456094752764,0.07069639059539723,-1.6341666666666739,1.6452166071847414,0.17959051619021507,0.07183430877877069,1.634166666666674,1.6455739472499131,0.0048742178053577355,0.0019496354840375708,0.0,0.0,0.0,0,0.0,0.0
1762438800.2916298,58.082306789,1,-0.17641160235775688,0.07056303128308139,-1.6358333333333408,1.6468305587627277,0.1794173433476746,0.0717652868647054,1.6358333333333406,1.6472071921701834,0.005050364987793808,0.002020099414813913,0.0,0.0,0.0,0,0.0,0.0
1762438800.3918915,58.182301859,1,-0.1764506995160824,0.07057887705921884,-1.6375000000000073,1.6484909697194823,0.1792843172705246,0.07171229071911986,1.6375000000000073,1.648845586784695,0.00486585051914199,0.001946301129769789,0.0,0.0,0.0,0,0.0,0.0
1762438800.4912508,58.281936578,1,-0.17649823838640533,0.07059807259912532,-1.6391666666666742,1.650152440570068,0.1793325068718822,0.07173175087409056,1.639166666666674,1.6505068776638139,0.004867153853992709,0.0019468274791291196,0.0,0.0,0.0,0,0.0,0.0
1762438800.5913947,58.382102213,1,-0.17686123827028055,0.07074342652938936,-1.6408333333333407,1.6518530678536205,0.17952994617804258,0.07181088576627656,1.640833333333341,1.6521869847771562,0.004691509161970872,0.0018765750392298794,0.0,0.0,0.0,0,0.0,0.0
1762438800.6916,58.482266926,1,-0.17654830271185773,0.07061839199945474,-1.6425000000000072,1.6534698396036893,0.17938824097960052,0.07175434516649447,1.6425000000000067,1.6538243791443064,0.004868707315540332,0.0019474570440656633,0.0,0.0,0.0,0,0.0,0.0
1762438800.791325,58.582014815,1,-0.17655766841460352,0.07062225752241513,-1.644166666666674,1.6551266239509792,0.17939644259409218,0.0717577479117521,1.6441666666666743,1.6554806811855538,0.004868921288703248,0.0019475459556868892,0.0,0.0,0.0,0,0.0,0.0
1762438800.8914676,58.682159241,1,-0.1769121171848358,0.0707641389089475,-1.6458333333333406,1.6568261289807935,0.1795813854817246,0.07183183040054147,1.6458333333333406,1.6571592099075343,0.004692847494633907,0.0018771200369101595,0.0,0.0,0.0,0,0.0,0.0
1762438800.9918838,58.78257289,1,-0.17692716893654126,0.07077025035432483,-1.6475000000000075,1.658483615066226,0.17976573089750406,0.07190566045605443,1.6475000000000077,1.6588376629467878,0.0048788903643375,0.0019515389523261728,0.0,0.0,0.0,0,0.0,0.0
1762438801.091365,58.882082019,1,-0.1769345743506756,0.0707732916393411,-1.649166666666674,1.6601401738571928,0.1797733506606666,0.07190878936653335,1.6491666666666742,1.6604939102689877,0.004879100308154971,0.0019516251339410974,0.0,0.0,0.0,0,0.0,0.0
1762438801.1912775,58.981964216,1,-0.17693608515403403,0.07077396493774124,-1.6508333333333405,1.6617960244227064,0.17977906649195083,0.07191114630657955,1.6508333333333407,1.66214993913194,0.004879286136670702,0.001951701386435063,0.0,0.0,0.0,0,0.0,0.0
1762438801.2913623,59.082047012,1,-0.17691222899445336,0.07076448271739277,-1.6525000000000074,1.6634487665035165,0.17958825845129414,0.07183488532969617,1.6525000000000076,1.6637813688474592,0.004693092449244494,0.0018772260279048536,0.0,0.0,0.0,0,0.0,0.0
1762438801.3913155,59.181975076,1,-0.17687649976070663,0.07075024364501425,-1.654166666666674,1.6651000733453118,0.17972604088016245,0.07189005157282936,1.6541666666666734,1.6654539892764182,0.004877918807368946,0.0019511575972894484,0.0,0.0,0.0,0,0.0,0.0
1762438801.491848,59.282510152,1,-0.17714634254982053,0.07085822584110613,-1.6558333333333408,1.6667890516276889,0.1798306246012035,0.07193193165486712,1.655833333333341,1.6671224562442504,0.004699465194358716,0.0018797777418909985,0.0,0.0,0.0,0,0.0,0.0
1762438801.5911598,59.381860381,1,-0.17674944966220973,0.07069950955653326,-1.6575000000000073,1.6683959477916064,0.17959879697196152,0.07183924201455295,1.657500000000007,1.6687488890084765,0.0048744885557191345,0.0019497878912170703,0.0,0.0,0.0,0,0.0,0.0
1762438801.691488,59.482178919,1,-0.17739026903807575,0.07095587078240584,-1.6591666666666738,1.6701305550542125,0.17989968158349628,0.07195963082205623,1.6591666666666738,1.6704418911412906,0.004519825902557972,0.001807924270946698,0.0,0.0,0.0,0,0.0,0.0
1762438801.7914305,59.582098066,1,-0.17670144290649237,0.07068037190860332,-1.6608333333333407,1.6717016707563315,0.17954557509283545,0.07181801988684909,1.6608333333333405,1.6720531697966483,0.004872996969704453,0.0019491930697918122,0.0,0.0,0.0,0,0.0,0.0
1762438801.8913481,59.682011126,1,-0.17701280446377954,0.0708049424167192,-1.6625000000000072,1.6733956862663388,0.1798612590583724,0.07194431996972524,1.6625000000000074,1.673747982130522,0.0048815485478463415,0.0019526144219767403,0.0,0.0,0.0,0,0.0,0.0
1762438801.991998,59.78268025,1,-0.17761884148253237,0.07104737946090456,-1.6641666666666741,1.675125928825152,0.18014067929080504,0.07205611126871397,1.6641666666666743,1.67543828353986,0.004525935452751508,0.0018103701401181466,0.0,0.0,0.0,0,0.0,0.0
1762438802.0913067,59.881988547,1,-0.1637190376730926,0.06548747497182594,-1.6641666666666741,1.6734823653445705,0.1733090078197734,0.06932345128635695,1.6641666666666741,1.674602175901547,0.02816460489252631,0.011265817447152484,0.0018970424873329505,0.0007588153562234693,0.1,0,0.0,0.0
1762438802.191258,59.981954355,1,-0.16215570830238146,0.06486216332489514,-1.6658333333333406,1.674963363304016,0.16515760030034843,0.06606291696076157,1.665833333333341,1.675303565440844,0.021198711560582145,0.008479468745781373,0.0019181902739211435,0.0007672746732377745,0.1,0,0.0,0.0
1762438802.3321311,60.12282278,2,-0.16201874264383997,0.06480739345483721,-1.6675000000000075,1.676605595008655,0.16488896711535903,0.06595548057792075,1.6675000000000075,1.6769301556399596,0.02121795184492532,0.008487166981579619,0.0019540461848341255,0.0007816172072559394,0.1,0,0.0,0.0
1762438802.3915982,60.182250432,2,-0.16306203541150888,0.06522472393292889,-1.669166666666674,1.6783804256234063,0.16570732828530538,0.066282838930426,1.6691666666666742,1.6786809388610056,0.004497623122948782,0.0017990467354514553,0.00044976231229487825,0.0001799046735451455,0.1,0,0.0,0.0
1762438802.4913757,60.28203899,2,-0.18064903902075313,0.0722595371132182,-1.6725000000000074,1.6837790134108939,0.18328699336759108,0.07331471699987749,1.6725000000000074,1.6841096816022785,0.004972121703521468,0.001988846495358401,0.0,0.0,0.0,0,0.0,0.0
1762438802.5910873,60.381795265,2,-0.1648867818977755,0.06595464422418251,-1.6725000000000074,1.681901874646487,0.17556211981184797,0.07022477266674505,1.6725000000000074,1.6831547245006773,0.03049268807808418,0.01219706225591728,0.0020075817975334503,0.0008030318731410932,0.1,0,0.0,0.0
1762438802.6910615,60.481776011,2,-0.1823837302988589,0.07295343227283979,-1.6758333333333408,1.6873065487543306,0.18509444789015195,0.07403771790169435,1.6758333333333413,1.687648926590773,0.023580355165055515,0.009432134211810609,0.002170258240203972,0.0008681025733319437,0.1,0,0.0,0.0
1762438802.791374,60.582052165,2,-0.18286321922886772,0.07314523543918439,-1.6775000000000073,1.6890220343187425,0.18564950455474785,0.07425974834039867,1.6775000000000075,1.689374588054712,0.005037238256106758,0.002014893847386371,0.0,0.0,0.0,0,0.0,0.0
1762438802.891032,60.681717458,2,-0.18297205260336646,0.07318877541988966,-1.6791666666666742,1.6906910017285306,0.18581383932922027,0.07432548903672875,1.679166666666674,1.6910504887942535,0.005042186205536375,0.002016873211795727,0.0,0.0,0.0,0,0.0,0.0
1762438802.9912143,60.781894377,2,-0.18281949760499439,0.07312775921607217,-1.6808333333333407,1.6923271942260385,0.18570020887764846,0.07428004278621722,1.6808333333333407,1.6926909897491609,0.005039471434959731,0.00201578746489203,0.0,0.0,0.0,0,0.0,0.0
1762438803.091271,60.881947596,2,-0.18250071133632462,0.07300024977505437,-1.6825000000000072,1.6939426779278894,0.18540495221576603,0.07416194530605778,1.682500000000007,1.6943084844377463,0.005031712180263638,0.002012683904061552,0.0,0.0,0.0,0,0.0,0.0
1762438803.1913497,60.982035217,2,-0.18209587467085386,0.07283831953366127,-1.6841666666666741,1.6955476075521345,0.18500999642929694,0.07400396752062505,1.6841666666666741,1.6959135140385841,0.005021148637496291,0.0020084586101782246,0.0,0.0,0.0,0,0.0,0.0
1762438803.2912383,61.081911609,2,-0.18165368610231836,0.07266144796923601,-1.6858333333333406,1.6971481300915805,0.18457207470707307,0.07382880278563247,1.6858333333333404,1.6975133491846934,0.005009368608211363,0.002003746706036615,0.0,0.0,0.0,0,0.0,0.0
1762438803.391316,61.182014781,2,-0.1811939217630152,0.07247754560801623,-1.6875000000000075,1.69874673859915,0.18411620331420964,0.07364645768159989,1.687500000000008,1.6991111873717721,0.004997084099333053,0.001998832996429008,0.0,0.0,0.0,0,0.0,0.0
1762438803.4910593,61.281781257,2,-0.18071477734777508,0.07228589079432135,-1.689166666666674,1.7003432325673506,0.18380844153790485,0.0735233559637103,1.6891666666666743,1.700727860308804,0.005174092252319031,0.0020696363181338124,0.0,0.0,0.0,0,0.0,0.0
1762438803.5913606,61.382033792,2,-0.163956738078328,0.0655826776171251,-1.689166666666674,1.698371846016802,0.1755328750785544,0.07021313067044198,1.689166666666673,1.699713417529463,0.030414310096004656,0.01216572070612443,0.0019808188153520967,0.000792327310982646,0.1,0,0.0,0.0
1762438803.6918764,61.482541724,2,-0.163959548888148,0.06558380419926557,-1.690833333333341,1.7000298027258198,0.1667665137548658,0.06670658978045436,1.6908333333333412,1.700346494200881,0.004527689273290097,0.0018110752815507756,0.0004527689273290099,0.00018110752815507757,0.1,0,0.0,0.0
1762438803.7915123,61.58223402,2,-0.16466511070868428,0.06586603086771703,-1.6925000000000074,1.7017664888894113,0.16742353715834193,0.0669694011263922,1.6925000000000079,1.7020786678299755,0.0213594492628852,0.008543777943235631,0.0019657778923744098,0.0007863109948182207,0.1,0,0.0,0.0
1762438803.8911533,61.681848644,2,-0.16530901960158229,0.06612359615404673,-1.694166666666674,1.7034964327448556,0.1680279248687382,0.06721115798116178,1.6941666666666741,1.7038049823079322,0.02143164434326153,0.008572656202488727,0.0019724344105214895,0.0007889736229750063,0.1,0,0.0,0.0
1762438803.9916337,61.7823149,2,-0.16612468026432303,0.06644986192414493,-1.6958333333333409,1.7052459318195519,0.1686585371692212,0.06746340445745883,1.695833333333341,1.7055344345821704,0.004407664873887381,0.001763065676832032,0.00044076648738873797,0.00017630656768320317,0.1,0,0.0,0.0
1762438804.0910711,61.881764545,2,-0.1670350500714819,0.06681401115582819,-1.6975000000000073,1.707006464556927,0.16972026542655866,0.06788809708609925,1.6975000000000071,1.7073136830185769,0.02164135210390955,0.008656539676438035,0.00199175000188873,0.0007966998935405743,0.1,0,0.0,0.0
1762438804.1913347,61.982020982,2,-0.1679334503938854,0.06717337242643051,-1.6991666666666743,1.708766007045866,0.1706229189225424,0.06824915965319565,1.6991666666666743,1.7090750391267648,0.021755581111161243,0.008702231429202106,0.002002265026616244,0.0008009059172220931,0.1,0,0.0,0.0
1762438804.291125,62.081822036,2,-0.1688074444230936,0.06752297103242633,-1.7008333333333407,1.7105231166773234,0.17150352906903224,0.06860140472990428,1.7008333333333405,1.710834194477025,0.021867127618737495,0.008746850162817984,0.002012532969774183,0.000805013106501719,0.1,0,0.0,0.0
1762438804.3912194,62.18189764,2,-0.16960970939014386,0.06784387788676538,-1.7025000000000077,1.712272319254782,0.1723176935173349,0.06892707139731986,1.7025000000000077,1.712585933222205,0.02197087990595789,0.008788351191594051,0.002022081912082926,0.0008088326939052195,0.1,0,0.0,0.0
1762438804.4912689,62.281932059,2,-0.170378267285753,0.06815130179942352,-1.7041666666666742,1.7140179058802318,0.17309172436206302,0.06923668450797078,1.704166666666674,1.7143332497802437,0.022068874443503975,0.008827549105757289,0.002031102591578223,0.0008124409748265548,0.1,0,0.0,0.0
1762438804.591326,62.381996493,2,-0.17109436381265297,0.06843774106675893,-1.7058333333333406,1.7157576655349418,0.17381727411050898,0.06952690507972621,1.705833333333341,1.7160751138631172,0.02216119114490592,0.00886447587256654,0.002039599403928949,0.0008158397077033991,0.1,0,0.0,0.0
1762438804.6910906,62.481806807,2,-0.1717521730855247,0.06870086534756181,-1.7075000000000076,1.7174908639812703,0.1744853354077528,0.06979413018399216,1.7075000000000073,1.717810409469136,0.022246334110084472,0.008898533133721931,0.0020474356000714958,0.0008189741930696263,0.1,0,0.0,0.0
1762438804.7910368,62.58173774,2,-0.17234145320740968,0.06893657789460317,-1.709166666666674,1.7192162524563133,0.17508698648770732,0.07003479112608502,1.7091666666666738,1.719538024950274,0.02232330086019892,0.008929319899186772,0.0020545186193153316,0.0008218074067870346,0.1,0,0.0,0.0
1762438804.8912024,62.681876579,2,-0.17285328563107383,0.06914131129888412,-1.710833333333341,1.7209327336436067,0.17561107753974897,0.0702444279920044,1.710833333333341,1.721256583041316,0.02235864775795169,0.008943458716202422,0.0020397135266075617,0.0008158853753485689,0.1,0,0.0,0.0
1762438804.991035,62.781752757,2,-0.17330939952352242,0.06932375723488038,-1.7125000000000075,1.7226427898088421,0.17607710534454563,0.07043083950195231,1.712500000000007,1.7229683398656774,0.022450244501504776,0.00898009746254902,0.0020662000375663452,0.0008264799839188833,0.1,0,0.0,0.0
1762438805.0911493,62.881849454,2,-0.1737060541123081,0.06948241940092714,-1.7141666666666744,1.7243459516443362,0.17648355447300082,0.07059341949170932,1.7141666666666746,1.7246730811913589,0.02250233200141343,0.009000932505907966,0.0020709933336523676,0.0008283973063465507,0.1,0,0.0,0.0
1762438805.191054,62.981771739,2,-0.1740602268761644,0.06962408879451809,-1.7158333333333409,1.7260441779104185,0.17684426720468768,0.07073770487932245,1.715833333333341,1.7263724237581421,0.022548388239787425,0.009019355039086307,0.002075231891144669,0.0008300927328244701,0.1,0,0.0,0.0
1762438805.2912588,63.081959541,2,-0.17467506518723308,0.06987002436572842,-1.7175000000000074,1.7277729737158922,0.17747237576185682,0.07098894855472743,1.7175000000000071,1.7281036210179899,0.022596437756523126,0.009038574878643199,0.0020614034841353037,0.0008245613732272705,0.1,0,0.0,0.0
1762438805.3911424,63.181855404,2,-0.1745892852841644,0.06983571262854005,-1.7191666666666743,1.7294196925767253,0.1773905379717354,0.07095621366809501,1.719166666666674,1.7297503331399644,0.0226189224079766,0.009047568768164102,0.002081721305235417,0.0008326885041478269,0.1,0,0.0,0.0
1762438805.4912615,63.281947092,2,-0.1751431794128515,0.07005727046741095,-1.7208333333333408,1.7311413909762898,0.17778082093909608,0.07111232704880582,1.720833333333341,1.7314532463983003,0.022472948137415474,0.008989179086319033,0.0020668943100240473,0.0008267577085010303,0.1,0,0.0,0.0
1762438805.5913408,63.382056593,2,-0.1753460035027361,0.07013840027010199,-1.7225000000000077,1.7328219372274976,0.17799003783128997,0.07119601397616071,1.7225000000000075,1.7331346098827132,0.022499670058651146,0.00899986787648245,0.002069351449592387,0.0008277405663210323,0.1,0,0.0,0.0
1762438805.6917768,63.482440268,2,-0.17584138202543764,0.07033655182183152,-1.7241666666666742,1.7345368593948274,0.17849176165297675,0.07139670365066156,1.7241666666666744,1.7348508560434337,0.02253029778919329,0.009012118987513352,0.0020538279104073275,0.0008215311524823819,0.1,0,0.0,0.0
1762438805.7911322,63.581844849,2,-0.17559503122310938,0.07023801163078858,-1.7258333333333407,1.7361646487912836,0.17842174558079898,0.07136869735329848,1.7258333333333407,1.7364989215955406,0.022718634458702366,0.009087453670979736,0.0020725451033992886,0.0008290180310990523,0.1,0,0.0,0.0
1762438805.8912263,63.681945652,2,-0.17599890581696886,0.07039956157704319,-1.7275000000000076,1.7378687991672548,0.17866373576587974,0.07146549353970175,1.7275000000000078,1.7381841954305994,0.02252024757631544,0.009008098933499492,0.0020345529485815573,0.0008138211706696957,0.1,0,0.0,0.0
1762438805.991213,63.78190098,2,-0.1757138563272025,0.07028554187978608,-1.729166666666674,1.7394921034065802,0.17854632955896635,0.07141853115687868,1.7291666666666738,1.7398266463940368,0.02273482649157414,0.009093930511299949,0.002074021010114801,0.0008296083962634376,0.1,0,0.0,0.0
1762438806.0913417,63.882027073,2,-0.17610772029267485,0.0704430875483979,-1.730833333333341,1.7411950452226306,0.17893801723605976,0.07157520631213224,1.7308333333333408,1.741529744778653,0.02275118086593979,0.009100472272013677,0.0020571198703343667,0.0008228479414122376,0.1,0,0.0,0.0
1762438806.1916976,63.982357767,2,-0.17617288800141173,0.07046915470517723,-1.7325000000000075,1.7428594430508866,0.1790035007171455,0.07160139977961613,1.7325000000000077,1.7431939833877983,0.022759401717984244,0.009103760622416735,0.0020578641299496005,0.0008231456461247243,0.1,0,0.0,0.0
1762438806.2914522,64.082151138,2,-0.1762424535681575,0.07049698099565438,-1.734166666666674,1.7445243634145753,0.17907149194673844,0.07162859633677304,1.7341666666666737,1.7448585280242663,0.022767900037463592,0.009107159958550907,0.002058633234341337,0.0008234532886354784,0.1,0,0.0,0.0
1762438806.3914204,64.182134378,2,-0.17631636848662158,0.0705265470185199,-1.7358333333333409,1.7461897997473823,0.17914646461314307,0.07165858546015536,1.7358333333333407,1.7465239104474566,0.02274462684737579,0.009097850689879247,0.0020381188897787414,0.000815247551516119,0.1,0,0.0,0.0
1762438806.4912255,64.28189605,2,-0.17637112015116774,0.07054844773266744,-1.7375000000000074,1.747852998824813,0.17920519985682312,0.07168207960710886,1.7375000000000076,1.748187368159532,0.022785074955492833,0.009114029939338625,0.0020601853958592104,0.0008240741544697422,0.1,0,0.0,0.0
1762438806.5909328,64.381654536,2,-0.1763950771589431,0.07055803057793408,-1.7391666666666743,1.7495126045185891,0.17923361209618885,0.07169344454601068,1.739166666666674,1.7498472310862996,0.022723191841057352,0.009089276699236272,0.002017779871942606,0.0008071119454766195,0.1,0,0.0,0.0
1762438806.6917303,64.48236826,2,-0.17673041618616736,0.07069216622490737,-1.7408333333333408,1.751208644569623,0.17940524670502608,0.0717620984268402,1.7408333333333408,1.7515241179499599,0.022613636988266933,0.009045454763013817,0.0020429898071841353,0.0008171959199571224,0.1,0,0.0,0.0
1762438806.791526,64.582228008,2,-0.17669950414576396,0.07067980144093688,-1.7425000000000073,1.752861831148455,0.17937755036505248,0.07175101992375682,1.742500000000007,1.7531773339953636,0.022610433127419748,0.009044173222838696,0.002042697965497533,0.000817079183658534,0.1,0,0.0,0.0
1762438806.8912003,64.681904093,2,-0.17635199187809913,0.0705407965624083,-1.7441666666666742,1.7544780962241078,0.17919401258311643,0.07167760483989888,1.7441666666666744,1.754812107974059,0.022784293955868597,0.009113717557656224,0.002060109778476392,0.0008240439091587465,0.1,0,0.0,0.0
1762438806.9911833,64.781899029,2,-0.17635628639960066,0.07054251439531534,-1.7458333333333407,1.75613547708247,0.17919635056517363,0.07167854005761398,1.7458333333333411,1.7564689501777344,0.022784454657698055,0.009113781841567133,0.002060125101066854,0.0008240500384822876,0.1,0,0.0,0.0
1762438807.0914211,64.882091505,2,-0.1767113094546633,0.07068452363809019,-1.7475000000000076,1.7578337346777573,0.17938021074333008,0.07175208415033403,1.7475000000000078,1.7581472838150578,0.022610122890961207,0.009044049137781798,0.0020426743639382554,0.0008170697438952007,0.1,0,0.0,0.0
1762438807.1917624,64.982459352,2,-0.17673906701261677,0.07069562667973273,-1.749166666666674,1.759493846882658,0.17957438256911504,0.07182975289934693,1.7491666666666739,1.7598268380879019,0.02279885936888932,0.009119543731207663,0.0020429783192886233,0.0008171913262511241,0.1,0,0.0,0.0
1762438807.2911696,65.081846515,2,-0.1767568005353204,0.07070272010489909,-1.7508333333333406,1.7611528049197922,0.1795976510435892,0.07183906030560278,1.7508333333333408,1.7614861702429299,0.022802140385559323,0.009120856139973682,0.002043270012713673,0.0008173080038090672,0.1,0,0.0,0.0
1762438807.3913934,65.182082465,2,-0.176754054075281,0.070701621534913,-1.7525000000000075,1.7628093955160722,0.17959669632167388,0.0718386784312002,1.7525000000000075,1.7631426541968824,0.022802089434384824,0.009120835761334148,0.0020432642828139627,0.0008173057120131239,0.1,0,0.0,0.0
1762438807.4914033,65.282080934,2,-0.17672462786894183,0.07068985106462211,-1.754166666666674,1.7644629051310272,0.17957241300402155,0.07182896511667192,1.7541666666666738,1.7647964036075914,0.022799364079206748,0.009119745620859647,0.002043016531367033,0.0008172066115773763,0.1,0,0.0,0.0
1762438807.5911036,65.381783992,2,-0.1766924661546181,0.07067698638956399,-1.755833333333341,1.7661161225823694,0.17953844442606515,0.07181537769641697,1.755833333333341,1.7664490357621645,0.02279498209618019,0.009117992829041528,0.002042624328892241,0.000817049730712188,0.1,0,0.0,0.0
1762438807.6911883,65.481901585,2,-0.17699467225047094,0.07079786883703099,-1.7575000000000074,1.76780816330193,0.1796757686151231,0.07187030738147172,1.7575000000000074,1.7681218772784213,0.022614870558690745,0.009045948215321533,0.0020246475624102873,0.0008098590242343379,0.1,0,0.0,0.0
1762438807.791018,65.581733149,2,-0.17661002469602893,0.0706440098235408,-1.7591666666666739,1.7694205373675918,0.1794590211106496,0.07178360838807675,1.7591666666666737,1.7697530301718205,0.022785155860728937,0.009114062337132335,0.002041741204798215,0.0008166964812780229,0.1,0,0.0,0.0
1762438807.8910995,65.681817997,2,-0.17690696653121663,0.07076278656454793,-1.7608333333333408,1.771111931682315,0.17958478956611282,0.07183391577742955,1.7608333333333408,1.771424521642745,0.022603332928845452,0.009041333165348595,0.002023614690367924,0.0008094458755932578,0.1,0,0.0,0.0
1762438807.9912214,65.781913879,2,-0.17688905993855286,0.07075562393364754,-1.7625000000000073,1.7727668622366028,0.1795638536782784,0.07182554142860033,1.7625000000000075,1.7730787731934903,0.022600539959349547,0.009040215978346462,0.002023366358363575,0.0008093465428627734,0.1,0,0.0,0.0
1762438808.0912201,65.881908589,2,-0.17688343600028222,0.07075337436370344,-1.7641666666666742,1.7744232352212141,0.1797256045682218,0.07189024179001224,1.7641666666666742,1.7747544978333887,0.022785366656086558,0.009114146657695069,0.0020233027172473334,0.0008093210864782832,0.1,0,0.0,0.0
1762438808.191173,65.98186406,2,-0.17686309089919883,0.07074523632794794,-1.7658333333333407,1.7760779269211846,0.1797103474880228,0.07188413896272051,1.7658333333333402,1.77640944028673,0.022783720761286888,0.009113488300383873,0.002023153325046835,0.0008092613296521073,0.1,0,0.0,0.0
1762438808.29117,66.081824779,2,-0.17682149604710373,0.07072859839119028,-1.7675000000000072,1.7777301893411002,0.17967210374074302,0.07186884146798504,1.767500000000007,1.7780617101879785,0.02274597946639652,0.009098391782966519,0.0020013452639964244,0.0008005381052827086,0.1,0,0.0,0.0
1762438808.3911526,66.181832441,2,-0.17676479246339394,0.07070591696126716,-1.769166666666674,1.7793807386257814,0.17961650130153425,0.07184660049594752,1.7691666666666745,1.7797119755699518,0.02277209806004773,0.009108839220882783,0.0020221172648893994,0.0008088469056774041,0.1,0,0.0,0.0
1762438808.4911199,66.281792023,2,-0.176720168103484,0.0706880672204031,-1.7708333333333406,1.7810327102853416,0.17956736325052075,0.07182694527871593,1.7708333333333408,1.7813630293843215,0.022765684109874076,0.0091062736412169,0.0020215491188212632,0.0008086196472859682,0.1,0,0.0,0.0
1762438808.5912254,66.381945275,2,-0.17700480628124238,0.07080192249415651,-1.7725000000000075,1.7827225986326518,0.17968716523867062,0.07187486607671607,1.7725000000000075,1.7830338537798665,0.02258334457980126,0.009033337829557682,0.0020033754114564175,0.0008013501643730652,0.1,0,0.0,0.0
1762438808.6915252,66.4821924,2,-0.17696352103657054,0.07078540839864722,-1.774166666666674,1.7843749670209346,0.17964265295926363,0.07185706116736568,1.7741666666666742,1.7846854852082454,0.022577616206791856,0.009031046480657893,0.002002869858710467,0.0008011479433016373,0.1,0,0.0,0.0
1762438808.7921562,66.582812149,2,-0.176926772614296,0.07077070903179239,-1.7758333333333405,1.7860278844134478,0.17960620254892112,0.07184248100533036,1.7758333333333405,1.7863380860992828,0.022573077385643715,0.009029230952463503,0.0020024657950020635,0.0008009863178417602,0.1,0,0.0,0.0
1762438808.8919172,66.682574583,2,-0.17688930836290817,0.07075572333303137,-1.7775000000000074,1.7876807460498967,0.17973644946096828,0.07189457977196521,1.7775000000000076,1.7880101431103377,0.022753961817112773,0.009101584725269039,0.0020020505770327914,0.0008008202306745285,0.1,0,0.0,0.0
1762438808.991155,66.781832246,2,-0.1768398523593704,0.07073594093317848,-1.779166666666674,1.7893322593917513,0.17969197941753667,0.07187679175619209,1.7791666666666741,1.789661841923764,0.022748536598059796,0.009099414637850791,0.00200156935984269,0.0008006277438163337,0.1,0,0.0,0.0
1762438809.0910096,66.881696875,2,-0.17678003473617698,0.07071201388526216,-1.7808333333333408,1.790982615968165,0.17963049141315318,0.07185219655583272,1.7808333333333408,1.7913115900664427,0.022740729063831188,0.009096291624336207,0.002000881947977238,0.0008003527790857032,0.1,0,0.0,0.0
1762438809.1911974,66.981908672,2,-0.17674261525358537,0.07069704609341132,-1.7825000000000073,1.7926355665257334,0.1795887271748092,0.07183549086170928,1.7825000000000077,1.792963663512353,0.02273530345171909,0.009094121379645437,0.0020004084924788194,0.0008001633968998843,0.1,0,0.0,0.0
1762438809.2912395,67.081940013,2,-0.17669866975702764,0.07067946789582136,-1.7841666666666742,1.7942877978519531,0.1795476536412999,0.07181906144936259,1.7841666666666747,1.7946158452326324,0.02273022387818094,0.009092089550364254,0.00199995832421924,0.0007999833296078432,0.1,0,0.0,0.0
1762438809.3917153,67.182384619,2,-0.17698375230164043,0.07079350091455039,-1.7858333333333407,1.7959776342691403,0.17966648110074285,0.07186659243405406,1.785833333333341,1.7962865990658834,0.022547692169831858,0.009019076867147788,0.001981773286113603,0.0007927093143764914,0.1,0,0.0,0.0
1762438809.4913135,67.282022888,2,-0.17660028515434067,0.07064011405643011,-1.7875000000000072,1.7975911482955533,0.1794484933054109,0.07177939731673141,1.7875000000000072,1.7979183222907433,0.022717716635558122,0.009087086653533943,0.0019988565720546253,0.0007995426287612369,0.1,0,0.0,0.0
1762438809.5915446,67.382185015,2,-0.17689507692646123,0.07075803076595033,-1.7891666666666741,1.7992820591196454,0.17974570539370688,0.07189828215273734,1.7891666666666741,1.7996097473327748,0.022722204537315056,0.009088881814325218,0.0019808010787506903,0.0007923204314479394,0.1,0,0.0,0.0
1762438809.6916468,67.482328814,2,-0.17683968591131904,0.07073587436049156,-1.7908333333333406,1.800933054339489,0.17969052842814556,0.07187621136712553,1.7908333333333406,1.8012603652845642,0.022682144958590014,0.00907285798291394,0.0019588625263324824,0.0007835450104879451,0.1,0,0.0,0.0
1762438809.7911909,67.581847808,2,-0.17679332161999461,0.0707173286444811,-1.792500000000007,1.8025851073222778,0.17964268208088177,0.07185707282875113,1.7925000000000066,1.8029118620001239,0.02270918072059897,0.009083672287783591,0.0019796636502329634,0.0007918654600534628,0.1,0,0.0,0.0
1762438809.8911338,67.681815657,2,-0.17674101723403668,0.07069640689055179,-1.794166666666674,1.8042365135696485,0.1795912389121153,0.07183649556170986,1.794166666666674,1.8045629728458854,0.022702699634285145,0.00908107985331698,0.0019790964287923333,0.0007916385714823434,0.1,0,0.0,0.0
1762438809.9911928,67.781886661,2,-0.176701145064611,0.07068045802317435,-1.795833333333341,1.80588936065437,0.17954985555360747,0.07181994221870895,1.7958333333333414,1.8062152739473665,0.022697454755853264,0.009078981901995178,0.0019786405557133233,0.0007914562222551771,0.1,0,0.0,0.0
1762438810.091217,67.881859778,2,-0.17666500788745054,0.07066600315265381,-1.7975000000000074,1.807542657591646,0.17951146587077277,0.07180458634592711,1.7975000000000079,1.807867947334487,0.02269255523272413,0.009077022092788066,0.0019782145771615033,0.0007912858308383291,0.1,0,0.0,0.0
1762438810.1913135,67.981981264,2,-0.1766468621999091,0.07065874487793788,-1.799166666666674,1.8091980175197158,0.17949020413508462,0.07179608165195937,1.7991666666666737,1.8095226180309267,0.022689796733184338,0.00907591869301111,0.001977976964575011,0.0007911907858071272,0.1,0,0.0,0.0
1762438810.2911494,68.08183012,2,-0.17664424373827003,0.07065769749354178,-1.8008333333333408,1.8108551553079628,0.17948526556310615,0.07179410622343405,1.8008333333333404,1.8111791873492669,0.02268911601921078,0.009075646407455357,0.00197792000675771,0.0007911680026831386,0.1,0,0.0,0.0
1762438810.3911293,68.181799712,2,-0.1766521281364506,0.07066085125304022,-1.8025000000000073,1.812513497956627,0.17949165607758716,0.07179666242945808,1.8025000000000075,1.8128370763357395,0.022689883830715928,0.009075953532086718,0.0019779886495115686,0.0007911954597872345,0.1,0,0.0,0.0
1762438810.491436,68.282104577,2,-0.17665905739924215,0.07066362295835438,-1.8041666666666738,1.814171748011176,0.17949842714771275,0.07179937085771124,1.8041666666666738,1.8144950251007035,0.02269073191553194,0.009076292766038866,0.001978062724409319,0.0007912250897485773,0.1,0,0.0,0.0
1762438810.5914936,68.382148629,2,-0.17666944573306687,0.0706677782920564,-1.8058333333333407,1.8158304038984943,0.1795102648246746,0.07180410592867159,1.8058333333333405,1.816153570759765,0.022692257857070134,0.009076903142676385,0.0019781946786808164,0.0007912778714591147,0.1,0,0.0,0.0
1762438810.6911125,68.481810454,2,-0.17666001822938515,0.07066400729073363,-1.8075000000000077,1.8174868401084008,0.17950375896209453,0.0718015035837931,1.8075000000000072,1.817810030063219,0.022691512138532113,0.009076604855280593,0.0019781262865857683,0.0007912505146227867,0.1,0,0.0,0.0
1762438810.7915738,68.582260215,2,-0.17696669699849954,0.07078667879850853,-1.8091666666666741,1.819178933892894,0.17981424345287825,0.0719256973802392,1.8091666666666744,1.8195028155707729,0.022697714069498588,0.009079085627684242,0.001960214656047297,0.0007840858624089792,0.1,0,0.0,0.0
1762438810.8918076,68.682489877,2,-0.17693180887829785,0.07077272355054065,-1.8108333333333406,1.8208325031432313,0.17960978656151344,0.07184391462380958,1.8108333333333408,1.8211366188752245,0.0225074234263639,0.0090029693704457,0.0019598101268934204,0.0007839240507486786,0.1,0,0.0,0.0
1762438810.9913023,68.781972803,2,-0.176910721224373,0.07076428848907046,-1.8125000000000075,1.8224876509347108,0.1797552622404196,0.07190210489547257,1.8125000000000078,1.8228104994736973,0.022657243248677014,0.009062897299383173,0.0019382813151821241,0.0007753125260653601,0.1,0,0.0,0.0
1762438811.0911598,68.881832235,2,-0.1768821053884726,0.07075284215479805,-1.814166666666674,1.8241419731819428,0.17973180758458254,0.07189272303322801,1.8141666666666738,1.8244650670065525,0.022687396023999228,0.009074958409523253,0.0019593219151328475,0.0007837287660465432,0.1,0,0.0,0.0
1762438811.1914663,68.981919032,2,-0.17682663391677833,0.07073065356619734,-1.8158333333333405,1.8257933010778384,0.17967687152767142,0.07187074861054234,1.8158333333333407,1.8261160634286864,0.022680418534425588,0.009072167413703746,0.001958714182943735,0.0007834856731717567,0.1,0,0.0,0.0
1762438811.2915902,69.082271577,2,-0.17710935145123052,0.07084374058004217,-1.8175000000000074,1.827482642311788,0.17979297003660719,0.07191718801418268,1.8175000000000074,1.8277865969544909,0.02249735983944529,0.008998943935720533,0.0019404924555549352,0.0007761969822170114,0.1,0,0.0,0.0
1762438811.3912883,69.181939881,2,-0.1770163148785251,0.07080652595101888,-1.8191666666666744,1.8291297660257908,0.17987375888965879,0.07194950355546277,1.8191666666666748,1.8294531044304232,0.0226721499351606,0.009068859974013719,0.0019395390343556085,0.0007758156137379263,0.1,0,0.0,0.0
1762438811.491515,69.282185226,2,-0.17692579615755655,0.070770318462682,-1.8208333333333409,1.8307772128522628,0.17978182560155334,0.0719127302402725,1.8208333333333409,1.8310999353844788,0.02266056386515611,0.009064225546018418,0.0019385482434163904,0.0007754192973627922,0.1,0,0.0,0.0
1762438811.5912938,69.38196416,2,-0.17684040847289895,0.07073616338886346,-1.8225000000000073,1.8324252740234361,0.17969543863680743,0.07187817545441923,1.8225000000000073,1.8327474383486553,0.022649726152273366,0.009059890460871056,0.001937622943397029,0.00077504917735554,0.1,0,0.0,0.0
1762438811.6919239,69.482600117,2,-0.17676497309874173,0.07070598923923921,-1.8241666666666743,1.8340744860573968,0.17961623154743248,0.07184649261870935,1.824166666666674,1.834395796145073,0.0226397012375052,0.009055880494968842,0.0019367664156027978,0.0007747065662382786,0.1,0,0.0,0.0
1762438811.7911193,69.581828048,2,-0.17668833923435634,0.07067533569351792,-1.8258333333333407,1.8357235994037677,0.17954289748176655,0.07181715899247725,1.825833333333341,1.836044857151654,0.02263045554645215,0.009052182218551972,0.0019359690694163983,0.0007743876277640904,0.1,0,0.0,0.0
1762438811.8916411,69.682306824,2,-0.17696631788825457,0.0707865271551058,-1.8275000000000072,1.8374123271856084,0.1796478800458175,0.07185915201812632,1.8275000000000075,1.8377141639911654,0.02241301594229941,0.00896520637689474,0.0018964113259118734,0.0007585645303626338,0.1,0,0.0,0.0
1762438811.991029,69.781750303,2,-0.17659042595628005,0.07063617038234193,-1.8291666666666742,1.8390280969985682,0.17943813866919558,0.0717752554675041,1.8291666666666742,1.839347826636105,0.022617259895135543,0.009046903958032267,0.0019348483099046153,0.0007739393239599699,0.1,0,0.0,0.0
1762438812.0920196,69.882684213,2,-0.17690164369288386,0.07076065747700566,-1.830833333333341,1.84072049932419,0.17957912587205885,0.07183165034867213,1.8308333333333413,1.841021222823154,0.02243756372938282,0.00897502549173419,0.0019169278975527096,0.0007667711590194668,0.1,0,0.0,0.0
1762438812.1914,69.982087889,2,-0.17685876431157532,0.07074350572450294,-1.8325000000000076,1.842373446431542,0.17970713637740804,0.07188285455083253,1.8325000000000073,1.8426931512444962,0.022618067920358483,0.009047227168126974,0.0019164901843664412,0.0007665960737451873,0.1,0,0.0,0.0
1762438812.2910697,70.08178955,2,-0.17682719998948548,0.07073087999568228,-1.834166666666674,1.8440276779788918,0.17950472569623188,0.07180189027837815,1.8341666666666738,1.8443277417818031,0.02242821016981366,0.008971284067911131,0.001916124127090638,0.0007664496508350323,0.1,0,0.0,0.0
1762438812.3912525,70.181950062,2,-0.17648742919230354,0.07059497167682371,-1.835833333333341,1.8456477156994955,0.17949553201717985,0.07179821280677201,1.835833333333341,1.8459841974280775,0.022788844380586305,0.009115537752221837,0.0019336661686721597,0.0007734664674677887,0.1,0,0.0,0.0
1762438812.4912114,70.281895453,2,-0.17682663112972752,0.07073065245180388,-1.8375000000000075,1.8473431550940864,0.17966892748288543,0.07186757099306484,1.837500000000008,1.8476612571744104,0.022613383372636235,0.009045353349043245,0.0019161048200989556,0.00076644192803863,0.1,0,0.0,0.0
1762438812.591281,70.381947021,2,-0.17680131253136988,0.07072052501247184,-1.839166666666674,1.8489981407639813,0.17964983748531071,0.07185993499404633,1.8391666666666744,1.849316614899583,0.02261087800790667,0.009044351203152867,0.0019158814687616555,0.0007663525875038332,0.1,0,0.0,0.0
1762438812.6915243,70.48220277,2,-0.17675539487991476,0.07070215795190027,-1.8408333333333409,1.8506508654712126,0.17960396421983948,0.07184158568786875,1.8408333333333409,1.8509689782675365,0.02260507037345256,0.009042028149372616,0.0019153861495961675,0.0007661544598377557,0.1,0,0.0,0.0
1762438812.79097,70.581687175,2,-0.17672443359003265,0.0706897734359555,-1.8425000000000074,1.852305271680716,0.17957071309136566,0.07182828523648738,1.8425000000000076,1.8526227877148072,0.022600934756086554,0.009040373902427219,0.0019150398506917864,0.000766015940276088,0.1,0,0.0,0.0
1762438812.8919225,70.682603064,2,-0.17735926267299962,0.07094370506914993,-1.8441666666666743,1.85403344408598,0.17987080484580192,0.07194832193826987,1.8441666666666745,1.8543140947288523,0.022243129655208388,0.008897251862077068,0.001879317847588723,0.0007517271390349589,0.1,0,0.0,0.0
1762438812.990963,70.781680608,2,-0.17665464687958088,0.07066185875178954,-1.8458333333333408,1.85561328325459,0.17950099316292245,0.07180039726512544,1.845833333333341,1.855930116690383,0.022592147472786435,0.0090368589891091,0.0019142936838944429,0.0007657174735573135,0.1,0,0.0,0.0
1762438813.0910277,70.881750801,2,-0.17663631682027003,0.07065452672807071,-1.8475000000000077,1.8572691513528745,0.17948028404052171,0.07179211361617073,1.847500000000008,1.857585403134072,0.022589560180206292,0.009035824072077732,0.0019140773793855335,0.000765630951753808,0.1,0,0.0,0.0
1762438813.1913462,70.982046547,2,-0.17693257501260207,0.07077303000500823,-1.8491666666666742,1.8589597410884988,0.1796131717504395,0.07184526870014227,1.8491666666666742,1.8592579151941204,0.0224086977559001,0.008963479102355865,0.0018960469706365277,0.0007584187882542584,0.1,0,0.0,0.0
1762438813.2911904,71.081876269,2,-0.17656045033634649,0.07062418013451044,-1.8508333333333407,1.8605766297630555,0.17940759656499172,0.07176303862596799,1.8508333333333404,1.8608925404750976,0.022580336231861214,0.00903213449274088,0.0019132875906061485,0.0007653150362421543,0.1,0,0.0,0.0
1762438813.3911326,71.181852046,2,-0.17687840339358307,0.070751361357408,-1.8525000000000076,1.8622695762754162,0.17955290947600597,0.07182116379037674,1.8525000000000076,1.8625664489809568,0.022401252895609295,0.008960501158240533,0.0018954247387547496,0.0007581698955016307,0.1,0,0.0,0.0
1762438813.4913824,71.282048999,2,-0.1768804477826451,0.07075217911303522,-1.854166666666674,1.8639277323530645,0.17955383927907373,0.07182153571160613,1.8541666666666745,1.8642242198752905,0.022401425512710536,0.008960570205081288,0.0018954428341338766,0.0007581771336533033,0.1,0,0.0,0.0
1762438813.5909593,71.381647634,2,-0.17684842991370298,0.0707393719654612,-1.855833333333341,1.865582157670937,0.17969853930045318,0.07187941572016103,1.855833333333341,1.8658980616695349,0.022583928350789484,0.009033571340313238,0.0018951726770454706,0.0007580690708179737,0.1,0,0.0,0.0
1762438813.691187,71.48185802,2,-0.17679812519618743,0.07071925007845659,-1.8575000000000075,1.867234596777966,0.17964817397319152,0.0718592695892576,1.8575000000000073,1.8675501254418396,0.022577540589558697,0.009031016235821117,0.001894634135947243,0.0007578536543787006,0.1,0,0.0,0.0
1762438813.7912002,71.58188617,2,-0.17675929695198267,0.07070371878078108,-1.859166666666674,1.868888321797978,0.17960625799308896,0.07184250319722257,1.859166666666674,1.8692031584663007,0.022572304617946348,0.009028921847176904,0.0018941973988828046,0.0007576789595529857,0.1,0,0.0,0.0
1762438813.8912985,71.68197304,2,-0.17672203220216387,0.07068881288085382,-1.8608333333333409,1.870542242072239,0.17957178882034408,0.07182871552812584,1.8608333333333407,1.8708570458907412,0.022567940412379413,0.009027176164950263,0.0018938275870285365,0.0007575310348112875,0.1,0,0.0,0.0
1762438813.9913323,71.782049738,2,-0.17701051274853086,0.07080420509940133,-1.8625000000000074,1.872231878556522,0.1798609067867113,0.07194436271467308,1.8625000000000071,1.872546978614044,0.02257127714898469,0.009028510859592453,0.0018756807514426557,0.0007502723005769449,0.1,0,0.0,0.0
1762438814.0912075,71.881889288,2,-0.17696342512206842,0.07078537004881769,-1.8641666666666743,1.8738847305944466,0.17981044914221483,0.07192417965687564,1.864166666666674,1.8741990946404756,0.022564975096031257,0.0090259900384112,0.0018751592119129732,0.0007500636847650814,0.1,0,0.0,0.0
1762438814.1915896,71.982300199,2,-0.17694146468205063,0.07077658587281288,-1.8658333333333408,1.8755403580860228,0.17961830617995417,0.07184732247197405,1.8658333333333408,1.8758354942369422,0.02237639064957114,0.008950556259827516,0.0018749177762335297,0.0007499671104933335,0.1,0,0.0,0.0
1762438814.2914047,72.082097846,2,-0.17691736656255563,0.07076694662501559,-1.8675000000000073,1.8771957717100485,0.17976314517309444,0.07190525806923104,1.867500000000007,1.8775093620274046,0.02255905564698275,0.009023622258792236,0.0018746684612563887,0.0007498673845024827,0.1,0,0.0,0.0
1762438814.3910823,72.181782712,2,-0.17720379026392896,0.07088151610556537,-1.8691666666666742,1.8788851482693485,0.17988920222919053,0.07195568089167001,1.8691666666666742,1.8791811442405026,0.02237687114649952,0.008950748458599016,0.001856525271215659,0.0007426101084861972,0.1,0,0.0,0.0
1762438814.4909768,72.281693309,2,-0.1767778258436874,0.07071113033747123,-1.8708333333333407,1.880496696294562,0.17963415450916234,0.07185366180366073,1.8708333333333407,1.880810660138855,0.02254246897079379,0.009016987588317,0.0018732668892950015,0.000749306755717959,0.1,0,0.0,0.0
1762438814.59114,72.381820388,2,-0.17704427355816832,0.0708177094232636,-1.8725000000000076,1.8821838573231164,0.17972902265324972,0.07189160906129617,1.8725000000000076,1.8824789972367137,0.02235688728095403,0.008942754912381163,0.0018548642686484482,0.0007419457074593423,0.1,0,0.0,0.0
1762438814.6911182,72.481797463,2,-0.17726279505030273,0.0709051180201179,-1.874166666666674,1.8838657937111563,0.17995813218635032,0.07198325287453694,1.8741666666666736,1.884162204397188,0.022351753484862708,0.00894070139394469,0.0018359945034438472,0.0007343978013775069,0.1,0,0.0,0.0
1762438814.790957,72.581638249,2,-0.17706876741175082,0.07082750696469775,-1.8758333333333406,1.8855027389478973,0.17994576323795036,0.07197830529517737,1.8758333333333403,1.8858186680020232,0.022514195163904092,0.00900567806556129,0.0018340404907452052,0.0007336161962980539,0.1,0,0.0,0.0
1762438814.8915458,72.68220325,2,-0.1769103596955912,0.07076414387823293,-1.8775000000000075,1.8871436324314244,0.17977321945799143,0.07190928778319372,1.8775000000000073,1.8874574448457915,0.022493239336181484,0.008997295734472197,0.0018323586319941617,0.0007329434527976307,0.1,0,0.0,0.0
1762438814.9914212,72.782098876,2,-0.17682411035516443,0.07072964414206284,-1.879166666666674,1.8887924210125624,0.17967573567287026,0.07187029426914486,1.879166666666674,1.8891045683865832,0.022481593480746607,0.008992637392298237,0.001831432260929346,0.0007325729043717056,0.1,0,0.0,0.0
1762438815.0913358,72.882015201,2,-0.1767786051260416,0.07071144205041424,-1.880833333333341,1.8904456646634846,0.17962661012413153,0.07185064404965019,1.8808333333333414,1.89075706051646,0.022475594606766985,0.00899023784270648,0.001830949481730275,0.0007323797926920844,0.1,0,0.0,0.0
1762438815.191183,72.981862968,2,-0.17674071020725157,0.07069628408290018,-1.8825000000000074,1.892099757736817,0.17958838795731386,0.07183535518292486,1.8825000000000078,1.8924107792293385,0.022470796939887787,0.008988318775955035,0.0018305579476832641,0.0007322231790732993,0.1,0,0.0,0.0
1762438815.2910326,73.081714234,2,-0.17668534947510528,0.070674139790043,-1.8841666666666739,1.8937519833737488,0.17953735025648607,0.07181494010259512,1.8841666666666743,1.8940631123425813,0.02246413856123246,0.008985655424493132,0.0018300047130399852,0.0007320018852160077,0.1,0,0.0,0.0
1762438815.3912551,73.181918961,2,-0.17663343655283814,0.07065337462113508,-1.8858333333333408,1.8954046088803729,0.17948217398921334,0.0717928695956856,1.8858333333333412,1.8957150176162603,0.022457360089695875,0.008982944035878357,0.0018294572931927728,0.0007317829172771092,0.1,0,0.0,0.0
1762438815.4909532,73.281665621,2,-0.17660572813961117,0.07064229125584465,-1.8875000000000073,1.8970598742595408,0.17945033987968634,0.0717801359518749,1.887500000000007,1.8973695112972144,0.022453579374808446,0.008981431749923415,0.0018291574982162858,0.000731662999286517,0.1,0,0.0,0.0
1762438815.5909247,73.381602673,2,-0.1765947349283905,0.07063789397135656,-1.8891666666666742,1.8987169633501488,0.1794382518362997,0.07177530073451967,1.8891666666666744,1.899026191094286,0.022452110114622073,0.008980844045848813,0.0018290399428016373,0.0007316159771206539,0.1,0,0.0,0.0
1762438815.6910763,73.481760232,2,-0.17659301847633002,0.07063720739053103,-1.8908333333333407,1.900375069213177,0.17943497238862868,0.07177398895545085,1.8908333333333405,1.900683853051621,0.02245179005594594,0.008980716022378278,0.0018290174922764785,0.0007316069969105832,0.1,0,0.0,0.0
1762438815.791048,73.581731235,2,-0.17658842926053686,0.07063537170421252,-1.8925000000000072,1.9020328806528355,0.1794284274123891,0.07177137096495359,1.8925000000000074,1.902341173463346,0.022451073555976593,0.008980429422390388,0.0018289628212118558,0.0007315851284847223,0.1,0,0.0,0.0
1762438815.8909705,73.681663217,2,-0.17659086844252503,0.07063634737700886,-1.894166666666674,1.9036914638405011,0.17943194600878548,0.07177277840351283,1.8941666666666739,1.903999610314928,0.022451469002561897,0.008980587601024569,0.0018289932536218279,0.0007315973014487148,0.1,0,0.0,0.0
1762438815.9911637,73.781845222,2,-0.17690686285966972,0.07076274514386638,-1.8958333333333406,1.905383801758835,0.17958467754781401,0.07183387101912414,1.895833333333341,1.9056743659957625,0.022272940624997538,0.008909176249998827,0.0018111652470982837,0.0007244660988392982,0.1,0,0.0,0.0
1762438816.0915258,73.882226353,2,-0.17721599622575668,0.07088639849030054,-1.8975000000000075,1.9070754156061165,0.17972239520185623,0.0718889580807406,1.8975000000000077,1.9073474805685136,0.02209278024364149,0.008837112097456341,0.0017932169806210555,0.0007172867922484007,0.1,0,0.0,0.0
1762438816.1911032,73.981801859,2,-0.17689330157247984,0.07075732062898954,-1.899166666666674,1.9086989983602998,0.1795650842080838,0.07182603368323105,1.8991666666666742,1.9089883777433343,0.022270890403515053,0.008908356161405714,0.0018110128332976803,0.0007244051333190469,0.1,0,0.0,0.0
1762438816.291921,74.08258839,2,-0.17690555765780802,0.07076222306312241,-1.9008333333333405,1.910358665186774,0.1797433662439336,0.07189734649757228,1.9008333333333405,1.9106659224608658,0.022457900015969704,0.008983160006387735,0.0018111332691129144,0.0007244533076451542,0.1,0,0.0,0.0
1762438816.3913827,74.182061794,2,-0.176930313811974,0.07077212552478906,-1.9025000000000074,1.9120196860118697,0.17976639364668615,0.07190655745867391,1.9025000000000074,1.9123265305094528,0.02246092355642495,0.008984369422569886,0.0018113826621216217,0.0007245530648486406,0.1,0,0.0,0.0
1762438816.491093,74.281769842,2,-0.1769536093784807,0.0707814437513905,-1.904166666666674,1.9136805603590363,0.17979150187168882,0.07191660074867344,1.9041666666666741,1.913987376147762,0.02246396930187605,0.008985587720750152,0.0018116258228364948,0.0007246503291345762,0.1,0,0.0,0.0
1762438816.5908918,74.381602965,2,-0.17694537657343767,0.07077815062937365,-1.9058333333333408,1.9153380660712884,0.17979181508446834,0.071916726033786,1.9058333333333408,1.9156455326336497,0.02246345875267105,0.008985383501068265,0.001811564941916736,0.0007246259767666826,0.1,0,0.0,0.0
1762438816.6912308,74.481887248,2,-0.1769154994875859,0.07076619979503462,-1.9075000000000073,1.916993270460906,0.179760129366399,0.0719040517465594,1.9075000000000073,1.9173002234307033,0.02245956524756626,0.008983826099026504,0.001811251879809301,0.0007245007519237214,0.1,0,0.0,0.0
1762438816.791405,74.582015021,2,-0.17688641589720744,0.07075456635888289,-1.9091666666666742,1.9186485800950452,0.17973163109175236,0.07189265243670089,1.9091666666666742,1.9189552818657412,0.022455931727249478,0.008982372690899796,0.001810955939798359,0.0007243823759193445,0.1,0,0.0,0.0
1762438816.8909962,74.681685365,2,-0.1768593752157106,0.07074375008628353,-1.9108333333333407,1.9203041281411046,0.1797054937528192,0.07188219750112754,1.9108333333333407,1.9206106171164268,0.022452575808638672,0.00898103032345543,0.0018106818720702842,0.00072427274882811,0.1,0,0.0,0.0
1762438816.9911253,74.78181188,2,-0.17683530014907678,0.07073412005962965,-1.9125000000000072,1.9219600123622373,0.17968122672938586,0.07187249069175328,1.9125000000000076,1.9222661751581758,0.022449545795703796,0.008979818318281402,0.0018104384989243041,0.0007241753995697127,0.1,0,0.0,0.0
1762438817.0919147,74.882565834,2,-0.17712335115421185,0.07084934046168545,-1.9141666666666741,1.9236492243508847,0.17980466264047437,0.07192186505619075,1.9141666666666746,1.92393775864975,0.022267093017636515,0.008906837207054713,0.0017922910674205003,0.0007169164269682081,0.1,0,0.0,0.0
1762438817.1917183,74.982360749,2,-0.1770774642467161,0.07083098569868662,-1.9158333333333406,1.9253027860547633,0.17992705212792268,0.07197082085116904,1.9158333333333408,1.9256092293745828,0.022447137131601482,0.008978854852640591,0.001791828532880407,0.0007167314131521628,0.1,0,0.0,0.0
1762438817.2909865,75.081672024,2,-0.17701395396574682,0.07080558158630135,-1.917500000000007,1.926954493568125,0.17986654563315174,0.07194661825326319,1.9175000000000073,1.9272608905169302,0.022439275588702637,0.0089757102354814,0.0017911894912777421,0.000716475796511125,0.1,0,0.0,0.0
1762438817.3911602,75.181830624,2,-0.17695427605366387,0.07078171042146675,-1.919166666666674,1.9286066371316721,0.1798072017005189,0.07192288068020944,1.919166666666674,1.9289127053843529,0.022431779669392662,0.008972711867757254,0.001790588999761208,0.000716235599904497,0.1,0,0.0,0.0
1762438817.490968,75.28164495,2,-0.17687401859301655,0.07074960743720515,-1.920833333333341,1.9302566202062965,0.17972950586369843,0.07189180234547835,1.9208333333333407,1.9305625659291552,0.02242178143358493,0.008968712573433776,0.0017897797777788424,0.00071591191111152,0.1,0,0.0,0.0
1762438817.5910916,75.381728423,2,-0.1774614910210328,0.07098459640841392,-1.9225000000000074,1.9319776509376867,0.17998375448944307,0.0719935017957774,1.922500000000007,1.9322482930982139,0.0045220214791758815,0.0018088085916703532,0.0,0.0,0.0,0,0.0,0.0
1762438817.6911318,75.481824894,2,-0.17699208675124012,0.07079683470049636,-1.924166666666674,1.9335862410782994,0.17985557801505989,0.07194223120602455,1.924166666666674,1.9338927257438998,0.022403759582001272,0.008961503832800553,0.0017699208675124015,0.0007079683470049636,0.1,0,0.0,0.0
1762438817.792247,75.582928004,2,-0.17688052410746302,0.0707522096429849,-1.9258333333333408,1.9352329634324914,0.17973940499009658,0.07189576199603832,1.9258333333333406,1.935538499249496,0.02238953631777864,0.008955814527111416,0.0017688052410746306,0.0007075220964298491,0.1,0,0.0,0.0
1762438817.8912385,75.681917103,2,-0.17680742842782105,0.07072297137112615,-1.9275000000000073,1.9368838001870037,0.1796571955198013,0.07186287820791852,1.9275000000000078,1.937187970013854,0.022380004900825073,0.008952001960329753,0.0017680742842782105,0.0007072297137112616,0.1,0,0.0,0.0
1762438817.991008,75.781694409,2,-0.17677185541122764,0.07070874216449008,-1.9291666666666738,1.9385386358960757,0.17961871254334835,0.07184748501733787,1.9291666666666738,1.9388421727352776,0.022375405812692952,0.008950162325077043,0.0017677185541122766,0.0007070874216449009,0.1,0,0.0,0.0
1762438818.0909789,75.881665638,2,-0.1767446680141349,0.07069786720565308,-1.9308333333333407,1.9401943787182754,0.17958863290565175,0.07183545316225999,1.9308333333333407,1.9404972997948458,0.022371883987053927,0.008948753594821465,0.0017674466801413493,0.0007069786720565308,0.1,0,0.0,0.0
1762438818.1911867,75.981857961,2,-0.1767239783049439,0.07068959132197561,-1.9325000000000077,1.941850826615995,0.17956890225692868,0.07182756090276912,1.932500000000008,1.9421535570502737,0.022369305846953385,0.0089477223387811,0.0017672397830494392,0.0007068959132197562,0.1,0,0.0,0.0
1762438818.2914102,76.0820931,2,-0.1766874916011456,0.07067499664045784,-1.9341666666666741,1.9435056262545027,0.17953598568909404,0.07181439427563673,1.9341666666666741,1.943808419527759,0.02236483924399365,0.008945935697597393,0.0017668749160114562,0.0007067499664045785,0.1,0,0.0,0.0
1762438818.3910413,76.181732174,2,-0.17699310149749836,0.07079724059899939,-1.9358333333333406,1.9451965200715862,0.17966992538549897,0.07186797015419934,1.9358333333333408,1.9454811697023926,0.00469522252709645,0.0018780890108385697,0.0,0.0,0.0,0,0.0,0.0
1762438818.491037,76.281714249,2,-0.17664155486810917,0.07065662194724376,-1.9375000000000075,1.9468181340667772,0.17948423028384333,0.0717936921135372,1.9375000000000075,1.9471197120741977,0.022358842941811827,0.008943537176724733,0.001766415548681092,0.0007065662194724377,0.1,0,0.0,0.0
1762438818.5912921,76.381966101,2,-0.17697175689798061,0.0707887027591918,-1.939166666666674,1.9485115869014038,0.1796472099054205,0.07185888396216786,1.9391666666666736,1.9487955717165997,0.004694611767774247,0.0018778447071096922,0.0,0.0,0.0,0,0.0,0.0
1762438818.691225,76.481731024,2,-0.1769135935370605,0.070765437414825,-1.9408333333333405,1.9501641455242975,0.17976950660034755,0.07190780264013985,1.9408333333333403,1.9504670813324871,0.004879137837730139,0.0019516551350920773,0.0,0.0,0.0,0,0.0,0.0
1762438818.7910137,76.581695024,2,-0.1768239723430517,0.07072958893722214,-1.9425000000000074,1.9518134239589688,0.17967911463362593,0.07187164585345092,1.9425000000000072,1.9521158694383989,0.004876701884783207,0.0019506807539132948,0.0,0.0,0.0,0,0.0,0.0
1762438818.891001,76.68167893,2,-0.1767499284364602,0.07069997137458417,-1.9441666666666744,1.9534643715544107,0.17960126191480036,0.07184050476592056,1.9441666666666744,1.953766029795845,0.004874567825026285,0.0019498271300105287,0.0,0.0,0.0,0,0.0,0.0
1762438818.9911442,76.781805365,2,-0.17670896058426622,0.07068358423370724,-1.9458333333333409,1.955118816579196,0.1795555955132777,0.07182223820531161,1.945833333333341,1.9554196498174221,0.004873291326781759,0.0019493165307127198,0.0,0.0,0.0,0,0.0,0.0
1762438819.0908384,76.881556475,2,-0.1766851376800319,0.07067405507201285,-1.9475000000000073,1.9567750790362601,0.1795308478253961,0.07181233913015835,1.947500000000007,1.9570755190774516,0.004872607666536368,0.00194904306661454,0.0,0.0,0.0,0,0.0,0.0
1762438819.1909842,76.981699444,2,-0.17665880707488324,0.07066352282995525,-1.9491666666666743,1.9584310970826455,0.17950503977290558,0.07180201590916421,1.9491666666666745,1.9587312942915287,0.0048719236540902666,0.00194876946163616,0.0,0.0,0.0,0,0.0,0.0
1762438819.291083,77.081796878,2,-0.17661623583588337,0.07064649433435455,-1.9508333333333407,1.9600854359866673,0.1794657978254695,0.07178631913018917,1.9508333333333403,1.9603856617124766,0.004870889259376719,0.0019483557037507256,0.0,0.0,0.0,0,0.0,0.0
1762438819.3911676,77.181830809,2,-0.1765786119067465,0.07063144476269945,-1.9525000000000072,1.9617403133881426,0.17959265031650437,0.07183706012660242,1.9525000000000072,1.962057678371196,0.005055344544991488,0.0020221378179966112,0.0,0.0,0.0,0,0.0,0.0
1762438819.491025,77.281693138,2,-0.1768821699242371,0.07075286796969515,-1.9541666666666742,1.96343083185382,0.1797290159794597,0.07189160639178435,1.9541666666666744,1.9637307054088853,0.0048779719578414295,0.001951188783136584,0.0,0.0,0.0,0,0.0,0.0
1762438819.5908017,77.381520092,2,-0.17682904506882224,0.07073161802752859,-1.955833333333341,1.9650840950825874,0.17968289425286316,0.07187315770114516,1.9558333333333409,1.9653843698022089,0.004876782005639461,0.001950712802255783,0.0,0.0,0.0,0,0.0,0.0
1762438819.692782,77.483459814,2,-0.17706805114412594,0.07082722045765011,-1.9575000000000076,1.966767866295808,0.17975769537127032,0.07190307814850766,1.9575000000000073,1.9670508716584962,0.004697614626409664,0.001879045850563854,0.0,0.0,0.0,0,0.0,0.0
1762438819.7913816,77.582062633,2,-0.1769791822097927,0.07079167288391619,-1.959166666666674,1.96841741499692,0.17983250486468325,0.07193300194587243,1.959166666666674,1.9687173779780218,0.004880832406878207,0.0019523329627512615,0.0,0.0,0.0,0,0.0,0.0
1762438819.891024,77.68172262,2,-0.1769289283418285,0.07077157133673095,-1.960833333333341,1.9700710195586348,0.1797770607337224,0.07191082429348866,1.960833333333341,1.9703700970446558,0.004879288016194336,0.0019517152064777272,0.0,0.0,0.0,0,0.0,0.0
1762438819.9917173,77.782376153,2,-0.1769086256484943,0.07076345025939657,-1.9625000000000075,1.9717277646068392,0.1797509845651064,0.07190039382604166,1.9625000000000077,1.9720259463517449,0.004878529470306847,0.0019514117881227172,0.0,0.0,0.0,0,0.0,0.0
1762438820.0919356,77.882625651,2,-0.17691048225895245,0.07076419290358005,-1.964166666666674,1.9733868308506732,0.1797499390699877,0.07189997562799416,1.9641666666666742,1.9736844584521214,0.004878473978052775,0.0019513895912210857,0.0,0.0,0.0,0,0.0,0.0
1762438820.1910775,77.981793148,2,-0.17692425775935872,0.07076970310374264,-1.9658333333333409,1.975047148375341,0.17959497951439796,0.07183799180575817,1.9658333333333409,1.9753267446622431,0.004693218315719846,0.0018772873262879119,0.0,0.0,0.0,0,0.0,0.0
1762438820.2911549,78.081800216,2,-0.17693095643422635,0.07077238257369034,-1.9675000000000074,1.9767067419017712,0.17977199850566436,0.07190879940226537,1.9675000000000076,1.9770040710322845,0.0048790778583640984,0.0019516311433456278,0.0,0.0,0.0,0,0.0,0.0
1762438820.3909695,78.181616277,2,-0.1769178095598149,0.07076712382392558,-1.9691666666666743,1.978364288563887,0.1797619934465176,0.07190479737860697,1.9691666666666743,1.9786616778229333,0.00487883931338682,0.0019515357253547252,0.0,0.0,0.0,0,0.0,0.0
1762438820.491195,78.281878186,2,-0.17689374375408456,0.07075749750163385,-1.9708333333333408,1.9800207190354944,0.17973983269746846,0.07189593307898727,1.9708333333333408,1.9803180200233546,0.004878250804209981,0.0019513003216839893,0.0,0.0,0.0,0,0.0,0.0
1762438820.5913994,78.38209536,2,-0.1771913722092181,0.07087654888368711,-1.9725000000000077,1.9817105029663333,0.17987287360415377,0.07194914944166149,1.9725000000000077,1.9819907115736,0.004700532841642429,0.0018802131366569721,0.0,0.0,0.0,0,0.0,0.0
1762438820.6911356,78.481799399,2,-0.17710516986245778,0.0708420679449826,-1.9741666666666742,1.983360498638747,0.17996217162264527,0.07198486864905765,1.9741666666666744,1.9836587993673127,0.0048843628590074595,0.0019537451436029713,0.0,0.0,0.0,0,0.0,0.0
1762438820.7909296,78.581640684,2,-0.177034120504157,0.07081364820166236,-1.9758333333333407,1.9850120940955118,0.17988282867607247,0.07195313147042873,1.9758333333333407,1.9853091563512333,0.004882150746432113,0.0019528602985728382,0.0,0.0,0.0,0,0.0,0.0
1762438820.8919346,78.682618551,2,-0.1770007366060205,0.07080029464240822,-1.9775000000000076,1.9866676099641216,0.17984503840601432,0.07193801536240581,1.9775000000000078,1.9869639065402203,0.004881087558067793,0.0019524350232271196,0.0,0.0,0.0,0,0.0,0.0
1762438820.9910414,78.78175461,2,-0.1769892264611641,0.07079569058446511,-1.979166666666674,1.988325403582906,0.17983034412795224,0.0719321376511804,1.9791666666666738,1.9886211000441283,0.004880659633559085,0.0019522638534236205,0.0,0.0,0.0,0,0.0,0.0
1762438821.091028,78.881744679,2,-0.1769878670105392,0.07079514680421584,-1.980833333333341,1.989984259315748,0.17982931049106698,0.07193172419642685,1.9808333333333412,1.9902797412178115,0.004880636434895877,0.001952254573958352,0.0,0.0,0.0,0,0.0,0.0
1762438821.1910033,78.981698056,2,-0.17697771064854034,0.07079108425941683,-1.9825000000000075,1.9916422213030762,0.17982300150430816,0.07192920060172361,1.9825000000000077,1.99193784334985,0.004880485703294591,0.0019521942813178457,0.0,0.0,0.0,0,0.0,0.0
1762438821.290969,79.081650495,2,-0.17693486446099171,0.07077394578439722,-1.984166666666674,1.9932968315769888,0.17978545684601208,0.07191418273840554,1.984166666666674,1.9935926919216478,0.004879526910859824,0.0019518107643439497,0.0,0.0,0.0,0,0.0,0.0
1762438821.3907661,79.181463796,2,-0.17688405941704782,0.07075362376681937,-1.9858333333333409,1.9949506443844165,0.17973328447889736,0.07189331379155935,1.9858333333333407,1.9952460324218944,0.004878110619935375,0.001951244247974162,0.0,0.0,0.0,0,0.0,0.0
1762438821.4908671,79.281540512,2,-0.1768482740506499,0.07073930962026043,-1.9875000000000074,1.9966060232204736,0.17969479313650658,0.07187791725460314,1.9875000000000071,1.9969008246954227,0.0048770466684364576,0.0019508186673745972,0.0,0.0,0.0,0,0.0,0.0
1762438821.5908391,79.381540259,2,-0.1768067642816788,0.07072270571267181,-1.9891666666666743,1.9982608340196448,0.17965639734273747,0.07186255893709517,1.9891666666666743,1.9985556475267252,0.0048760283513950686,0.0019504113405580344,0.0,0.0,0.0,0,0.0,0.0
1762438821.6909008,79.481613097,2,-0.17676281935095028,0.07070512774038118,-1.9908333333333408,1.9999154158375851,0.17961091554833436,0.07184436621933474,1.9908333333333408,2.000209752764122,0.0048747967240509475,0.0019499186896204048,0.0,0.0,0.0,0,0.0,0.0
1762438821.7910728,79.581747965,2,-0.17702058005573135,0.0708082320222927,-1.9925000000000073,2.0016009446154395,0.1798804886138652,0.07195219544554646,1.992500000000007,2.0018966902948376,0.004882164282938224,0.0019528657131752999,0.0,0.0,0.0,0,0.0,0.0
1762438821.8909776,79.681660893,2,-0.17722404082580231,0.07088961633032143,-1.9941666666666742,2.003280907110773,0.1799185447306363,0.07196741789225523,1.9941666666666742,2.003559504087798,0.004701831286718458,0.0018807325146874025,0.0,0.0,0.0,0,0.0,0.0
1762438821.9909067,79.781620887,2,-0.17673392294958296,0.07069356917983272,-1.9958333333333407,2.004889811109081,0.1796002296605494,0.07184009186421936,1.9958333333333407,2.005185262198397,0.004874671744166609,0.0019498686976666348,0.0,0.0,0.0,0,0.0,0.0
1762438822.0910213,79.881714109,2,-0.17663183922639486,0.07065273569055752,-1.9975000000000076,2.006538528334078,0.1794854221110862,0.07179416884443406,1.9975000000000074,2.0068322474562956,0.004871454350561601,0.0019485817402246305,0.0,0.0,0.0,0,0.0,0.0
1762438822.1911597,79.981820925,2,-0.17659937089155514,0.0706397483566219,-1.999166666666674,2.008194381268487,0.1794432662637781,0.07177730650551116,1.9991666666666743,2.00848680071534,0.004870236711939088,0.0019480946847756332,0.0,0.0,0.0,0,0.0,0.0
1762438822.2907825,80.081489717,2,-0.17660084586757516,0.07064033834702976,-2.0008333333333406,2.00985371207477,0.17944079077151684,0.07177631630860652,2.0008333333333406,2.010145483479578,0.004870130986764312,0.0019480523947057165,0.0,0.0,0.0,0,0.0,0.0
1762438822.3907902,80.181504484,2,-0.17661556648321922,0.07064622659328768,-2.0025000000000075,2.0115144040389294,0.17945394222949432,0.07178157689179765,2.002500000000008,2.0118057963339333,0.004870471009158692,0.001948188403663474,0.0,0.0,0.0,0,0.0,0.0
1762438822.490983,80.281660402,2,-0.17663582442130799,0.07065432976852315,-2.004166666666674,2.0131756695732843,0.1794736436409646,0.07178945745638583,2.0041666666666744,2.0134667970298032,0.004870996470783422,0.0019483985883133688,0.0,0.0,0.0,0,0.0,0.0
1762438822.5911963,80.381893401,2,-0.17664637147535614,0.07065854859014165,-2.005833333333341,2.014835956636524,0.1794887777612009,0.07179551110447951,2.005833333333341,2.0151273353979655,0.0048714336853203305,0.0019485734741281106,0.0,0.0,0.0,0,0.0,0.0
1762438822.6909623,80.481683474,2,-0.17664301454764653,0.07065720581905777,-2.0075000000000074,2.0164948413826074,0.17948434042498174,0.07179373616999181,2.0075000000000074,2.0167858634498277,0.004871317825466842,0.0019485271301867121,0.0,0.0,0.0,0,0.0,0.0
1762438822.7922652,80.582604306,2,-0.17696366102205718,0.07078546440882261,-2.009166666666674,2.0181866647409934,0.17964115218872392,0.07185646087548925,2.0091666666666734,2.0184610447005698,0.004694474027896998,0.0018777896111587902,0.0,0.0,0.0,0,0.0,0.0
1762438822.8912342,80.681924689,2,-0.1769333462095304,0.07077333848381184,-2.010833333333341,2.019842807964402,0.1796112116741367,0.07184448466965407,2.010833333333341,2.0201169549758684,0.004693704299867647,0.0018774817199470422,0.0,0.0,0.0,0,0.0,0.0
1762438822.991076,80.781746161,2,-0.17689771118261058,0.07075908447304502,-2.0125000000000073,2.021498428952429,0.1797462544542879,0.07189850178171572,2.0125000000000073,2.021789890307306,0.004878453428339769,0.0019513813713359206,0.0,0.0,0.0,0,0.0,0.0
1762438823.0911171,80.881779405,2,-0.17685223044971368,0.07074089217988555,-2.014166666666674,2.0231530704206704,0.1796999982509262,0.07187999930037091,2.0141666666666747,2.023444139278855,0.0048771954147784555,0.0019508781659113973,0.0,0.0,0.0,0,0.0,0.0
1762438823.191413,80.98207773,2,-0.1768158937954786,0.07072635751819178,-2.0158333333333407,2.0248086590402297,0.17966462158839303,0.0718658486353574,2.0158333333333407,2.0250995294622895,0.00487624220489415,0.0019504968819576624,0.0,0.0,0.0,0,0.0,0.0
1762438823.2911515,81.081826535,2,-0.1767530473841808,0.0707012189536731,-2.017500000000007,2.026461584171079,0.17960677979783454,0.07184271191913423,2.017500000000007,2.026752629356941,0.004874737770755341,0.0019498951083021464,0.0,0.0,0.0,0,0.0,0.0
1762438823.3907626,81.181452824,2,-0.17670073700517977,0.07068029480207216,-2.019166666666674,2.028115598852612,0.17954843230708983,0.07181937292283636,2.019166666666674,2.0284057014435675,0.004873107894170205,0.001949243157668093,0.0,0.0,0.0,0,0.0,0.0
1762438823.490827,81.28151944,2,-0.1766739768613966,0.07066959074455803,-2.0208333333333406,2.0297722153648583,0.17951800136782073,0.07180720054712766,2.0208333333333406,2.0300616611267386,0.004872252845774224,0.0019489011383096737,0.0,0.0,0.0,0,0.0,0.0
1762438823.5911467,81.381834175,2,-0.17697685562593446,0.07079074225037396,-2.0225000000000075,2.0314621302440345,0.17965655129461064,0.07186262051784433,2.0225000000000075,2.0317349636827133,0.004694898890566953,0.0018779595562267817,0.0,0.0,0.0,0,0.0,0.0
1762438823.6915877,81.482261137,2,-0.1766207413463704,0.07064829653854843,-2.024166666666674,2.03308552759642,0.17946426257335557,0.07178570502934237,2.024166666666674,2.033374363817945,0.004870799781693693,0.00194831991267748,0.0,0.0,0.0,0,0.0,0.0
1762438823.7908025,81.581524427,2,-0.1769377720525641,0.07077510882102578,-2.0258333333333405,2.034776839275508,0.17961470707510407,0.0718458828300417,2.0258333333333405,2.0350488859783633,0.00469379057710445,0.001877516230841781,0.0,0.0,0.0,0,0.0,0.0
1762438823.8913028,81.681989082,2,-0.1769136441319888,0.07076545765279474,-2.0275000000000074,2.036433754747966,0.17959195225156308,0.07183678090062434,2.0275000000000074,2.036705683795212,0.004693204785377163,0.0018772819141508427,0.0,0.0,0.0,0,0.0,0.0
1762438823.992001,81.782635698,2,-0.1768817297808223,0.07075269191232847,-2.029166666666674,2.0380899025445953,0.1797269014925137,0.07189076059700479,2.029166666666674,2.038378620789194,0.0048779001600348666,0.0019511600640139258,0.0,0.0,0.0,0,0.0,0.0
1762438824.090704,81.881415169,2,-0.17682656598235316,0.07073062639294125,-2.030833333333341,2.0397437299143384,0.17967841770599297,0.07187136708239708,2.0308333333333404,2.0400328073277225,0.004876650358377614,0.00195066014335104,0.0,0.0,0.0,0,0.0,0.0
1762438824.191253,81.981907281,2,-0.1767749274553464,0.07070997098213927,-2.0325000000000073,2.041397934008254,0.1796238188260332,0.07184952753041392,2.0325000000000073,2.041686391416669,0.00487515285685038,0.001950061142740168,0.0,0.0,0.0,0,0.0,0.0
1762438824.2907908,82.081490051,2,-0.17673764027967934,0.07069505611187177,-2.0341666666666742,2.0430535999400745,0.17958669827350046,0.07183467930940035,2.0341666666666742,2.04334178030159,0.004874141984923267,0.001949656793969312,0.0,0.0,0.0,0,0.0,0.0
1762438824.3908002,82.181498088,2,-0.1766996739029532,0.07067986956118077,-2.0358333333333407,2.044709216448573,0.17954446533361873,0.07181778613344736,2.035833333333341,2.044996667612979,0.0048729766853950925,0.001949190674158034,0.0,0.0,0.0,0,0.0,0.0
1762438824.4909346,82.281574712,2,-0.17668946831514115,0.07067578732605595,-2.037500000000007,2.0463676319585575,0.17953378071393775,0.07181351228557449,2.037500000000007,2.0466547850002113,0.004872670228781684,0.001949068091512657,0.0,0.0,0.0,0,0.0,0.0
1762438824.5910456,82.381719747,2,-0.17667719704102888,0.07067087881641076,-2.039166666666674,2.0480258542097154,0.17952053548901212,0.071808214195604,2.039166666666674,2.048312656000714,0.004872306659979379,0.0019489226639917302,0.0,0.0,0.0,0,0.0,0.0
1762438824.6911001,82.481752795,2,-0.1766632601663136,0.07066530406652483,-2.0408333333333406,2.0496839237150395,0.17950599565082484,0.07180239826032961,2.0408333333333406,2.0499704098632745,0.004871920651767546,0.0019487682607070103,0.0,0.0,0.0,0,0.0,0.0
1762438824.790881,82.581583487,2,-0.1769671071772942,0.07078684287091708,-2.042500000000007,2.0513737797257625,0.17981432674304673,0.07192573069721807,2.042500000000007,2.051660974147145,0.004880279743801006,0.0019521118975203856,0.0,0.0,0.0,0,0.0,0.0
1762438824.8910913,82.681792385,2,-0.1769314836438431,0.07077259345753739,-2.044166666666674,2.0530296809837547,0.17977666823797475,0.07191066729518966,2.044166666666674,2.0533163798169847,0.004879248629989971,0.0019516994519959824,0.0,0.0,0.0,0,0.0,0.0
1762438824.9910634,82.781735983,2,-0.17691243514355642,0.07076497405742233,-2.045833333333341,2.054687255773876,0.1797578451251099,0.07190313805004335,2.045833333333341,2.0549737156283228,0.004878732112659791,0.001951492845063899,0.0,0.0,0.0,0,0.0,0.0
1762438825.0934021,82.884070682,2,-0.1788363376082565,0.07153453504330298,-2.0475000000000074,2.0565397820983247,0.18103274349923096,0.07241309739969268,2.047500000000007,2.0567626894938327,0.004183283856341421,0.0016733135425365737,0.0,0.0,0.0,0,0.0,0.0
1762438825.1917899,82.982453193,2,-0.18094017084798214,0.07237606833919363,-2.049166666666674,2.0584124145740437,0.18396532847692518,0.07358613139077073,2.0491666666666744,2.0587234366452654,0.004993729919787844,0.001997491967915156,0.0,0.0,0.0,0,0.0,0.0
1762438825.291098,83.081741282,2,-0.17930796235876179,0.07172318494350582,-2.050833333333341,2.0599060468222414,0.18235641292027902,0.07294256516811262,2.050833333333341,2.060216454709941,0.004950741701400239,0.001980296680560121,0.0,0.0,0.0,0,0.0,0.0
1762438825.3912785,83.181916393,2,-0.17800781193146348,0.07120312477258728,-2.0525000000000073,2.0614346742223093,0.1809809640225251,0.0723923856090118,2.052500000000007,2.0617349530996254,0.00491295478255484,0.001965181913021982,0.0,0.0,0.0,0,0.0,0.0
1762438825.49152,83.282156637,2,-0.17712532134090997,0.07085012853636541,-2.054166666666674,2.0630060141982653,0.18003774731327285,0.07201509892531059,2.0541666666666742,2.0632984416645437,0.004886924891589114,0.0019547699566356863,0.0,0.0,0.0,0,0.0,0.0
1762438825.591551,83.382227843,2,-0.1768482795768297,0.07073931183073201,-2.0558333333333407,2.064637997003844,0.17972548931490612,0.07189019572596292,2.0558333333333407,2.06492618420017,0.004878165840237325,0.0019512663360949445,0.0,0.0,0.0,0,0.0,0.0
1762438825.6910474,83.48171699,2,-0.17671139749603876,0.07068455899841486,-2.0575000000000077,2.066283977309468,0.17957035660621112,0.07182814264248405,2.0575000000000077,2.06656987422327,0.0048738060692505285,0.0019495224277002005,0.0,0.0,0.0,0,0.0,0.0
1762438825.7909222,83.581601556,2,-0.17663667010013062,0.07065466804005194,-2.059166666666674,2.0679361586981,0.17948775521031604,0.07179510208412616,2.059166666666674,2.0682209147150723,0.004871502980093318,0.0019486011920373204,0.0,0.0,0.0,0,0.0,0.0
1762438825.8911078,83.681782526,2,-0.17660011510689572,0.07064004604275831,-2.0608333333333406,2.069592144490914,0.179447048893401,0.07177881955736017,2.0608333333333406,2.069876196798109,0.004870361991249734,0.0019481447964998855,0.0,0.0,0.0,0,0.0,0.0
1762438825.9911165,83.781801336,2,-0.17690803034601577,0.0707632121384063,-2.0625000000000075,2.071282243778738,0.17958881240304658,0.07183552496121841,2.062500000000007,2.0715498386924756,0.004693134272863674,0.0018772537091454624,0.0,0.0,0.0,0,0.0,0.0
1762438826.091242,83.881938388,2,-0.17685654897812608,0.07074261959125105,-2.064166666666674,2.072936753719441,0.1797047398942948,0.0718818959577183,2.064166666666674,2.0732208826569254,0.004877333686412672,0.0019509334745650764,0.0,0.0,0.0,0,0.0,0.0
1762438826.1913474,83.982022592,2,-0.1768286884849723,0.0707314753939896,-2.0658333333333405,2.0745936199154444,0.17950627862412954,0.07180251144965237,2.06583333333334,2.0748603485119426,0.004690969751899413,0.0018763879007597775,0.0,0.0,0.0,0,0.0,0.0
1762438826.2910645,84.081782695,2,-0.17681524616673272,0.07072609846669309,-2.0675000000000074,2.076251926496723,0.1796568359190594,0.07186273436762379,2.0675000000000074,2.0765348736015175,0.0048759822527596995,0.001950392901103881,0.0,0.0,0.0,0,0.0,0.0
1762438826.3909779,84.181691923,2,-0.17682301687096624,0.07072920674838556,-2.0691666666666744,2.07791234040974,0.17966247288759837,0.07186498915503867,2.069166666666674,2.0781948597941473,0.004876103058842782,0.0019504412235370964,0.0,0.0,0.0,0,0.0,0.0
1762438826.4909809,84.281662526,2,-0.17682598718192666,0.07073039487276955,-2.070833333333341,2.0795722908680516,0.17950018171424711,0.07180007268569795,2.070833333333341,2.0798380369917258,0.004690783823435879,0.0018763135293743305,0.0,0.0,0.0,0,0.0,0.0
1762438826.5909438,84.381634921,2,-0.1771398412196019,0.07085593648783983,-2.0725000000000073,2.081262918778621,0.17982243978441334,0.07192897591376433,2.0725000000000073,2.0815297589575925,0.004699217777766991,0.0018796871111067686,0.0,0.0,0.0,0,0.0,0.0
1762438826.6908839,84.481591531,2,-0.17704120094875275,0.07081648037950061,-2.0741666666666743,2.082912845473343,0.1799049696500827,0.07196198786003238,2.0741666666666743,2.0831974670954043,0.0048828616704827245,0.001953144668193069,0.0,0.0,0.0,0,0.0,0.0
1762438826.790881,84.581555234,2,-0.17690055647330993,0.07076022258932335,-2.0758333333333407,2.0845586688215962,0.17976511666858927,0.07190604666743536,2.0758333333333407,2.08484292082066,0.004879113312500859,0.0019516453250003347,0.0,0.0,0.0,0,0.0,0.0
1762438826.891034,84.681704079,2,-0.17680145683845827,0.07072058273538384,-2.0775000000000072,2.0862086199521523,0.17965578146647848,0.07186231258659183,2.0775000000000072,2.086491466981031,0.004876073259303753,0.0019504293037215113,0.0,0.0,0.0,0,0.0,0.0
1762438826.9912384,84.78190219,2,-0.17675055348376834,0.07070022139350707,-2.079166666666674,2.087863335383741,0.17960007231481093,0.07184002892592407,2.0791666666666737,2.0881453980768123,0.0048745151532522575,0.0019498060613008946,0.0,0.0,0.0,0,0.0,0.0
1762438827.0908365,84.881510634,2,-0.17670721068406747,0.07068288427362668,-2.080833333333341,2.089518812920364,0.17955582453320243,0.07182232981328059,2.080833333333341,2.089800493419108,0.0048733171584412005,0.001949326863376472,0.0,0.0,0.0,0,0.0,0.0
1762438827.1909354,84.981620812,2,-0.1766815956538189,0.07067263826152725,-2.0825000000000076,2.091176046640181,0.1795259860516824,0.0718103944206727,2.0825000000000076,2.091457042928378,0.004872471453114329,0.0019489885812457265,0.0,0.0,0.0,0,0.0,0.0
1762438827.2908583,85.081546096,2,-0.1766730706742612,0.0706692282697039,-2.084166666666674,2.092834969167465,0.17951513989163959,0.07180605595665536,2.084166666666674,2.093115498381979,0.004872156966649358,0.0019488627866597289,0.0,0.0,0.0,0,0.0,0.0
1762438827.3909032,85.181579753,2,-0.17667566617967267,0.07067026647186836,-2.085833333333341,2.0944949921228533,0.17951601527537075,0.07180640611014766,2.0858333333333405,2.094775132118786,0.0048721647315908365,0.0019488658926363168,0.0,0.0,0.0,0,0.0,0.0
1762438827.4908252,85.281502746,2,-0.17667761702533002,0.07067104681013192,-2.0875000000000075,2.0961549625958047,0.17951811547736998,0.0718072461909479,2.0875000000000075,2.096434898676824,0.00487222385730801,0.001948889542923202,0.0,0.0,0.0,0,0.0,0.0
1762438827.59072,85.381437311,2,-0.17667529672393767,0.07067011868957507,-2.089166666666674,2.0978145264201102,0.17951992641361886,0.07180797056544756,2.0891666666666744,2.0980946474664632,0.004872299479575282,0.0019489197918301135,0.0,0.0,0.0,0,0.0,0.0
1762438827.6912453,85.481928322,2,-0.17666370769400852,0.07066548307760345,-2.090833333333341,2.0994731967549844,0.17950639636383364,0.07180255854553343,2.090833333333341,2.0997528858241923,0.004871927695247499,0.0019487710780989999,0.0,0.0,0.0,0,0.0,0.0
1762438827.7911308,85.58184264,2,-0.17698480161924357,0.07079392064769774,-2.0925000000000074,2.101164355590706,0.1796601680977359,0.07186406723909458,2.0925000000000074,2.1014277218503334,0.00469494741091206,0.0018779789643648284,0.0,0.0,0.0,0,0.0,0.0
1762438827.8915343,85.682213826,2,-0.17695355093836074,0.07078142037534496,-2.0941666666666743,2.102821104240172,0.1796326767689214,0.07185307070756908,2.0941666666666743,2.103084589385573,0.004694266517699438,0.001877706607079788,0.0,0.0,0.0,0,0.0,0.0
1762438827.9910934,85.78176473,2,-0.17692722852949683,0.07077089141179882,-2.0958333333333408,2.1044783497050976,0.1797720829080644,0.07190883316322602,2.095833333333341,2.104758001099211,0.00487911632921641,0.001951646531686571,0.0,0.0,0.0,0,0.0,0.0
1762438828.0909605,85.881636093,2,-0.1769023563913058,0.07076094255652232,-2.0975000000000077,2.106135751723596,0.17974764193409257,0.07189905677363685,2.0975000000000072,2.106415186791492,0.004878464099475211,0.0019513856397900787,0.0,0.0,0.0,0,0.0,0.0
1762438828.1914186,85.98207496,2,-0.17687291409265726,0.07074916563706313,-2.099166666666674,2.107792723828044,0.17971894845111944,0.07188757938044789,2.099166666666674,2.108071967212228,0.004877694342089752,0.0019510777368358994,0.0,0.0,0.0,0,0.0,0.0
1762438828.2909093,86.081589648,2,-0.1768251443826414,0.07073005775305719,-2.1008333333333407,2.109447929483012,0.17967761572778973,0.07187104629111662,2.1008333333333407,2.109727514949046,0.004876621807163124,0.0019506487228652682,0.0,0.0,0.0,0,0.0,0.0
1762438828.3909073,86.18159785,2,-0.17676351577127236,0.07070540630850908,-2.1025000000000076,2.111101808295636,0.17961381323036432,0.07184552529214601,2.1025000000000076,2.1113808636547997,0.00487489574067359,0.0019499582962694455,0.0,0.0,0.0,0,0.0,0.0
1762438828.4911995,86.28186298,2,-0.17672631569215158,0.07069052627686112,-2.104166666666674,2.112758079448417,0.17957266434422,0.07182906573768835,2.104166666666674,2.1130364685862792,0.004873748383169533,0.0019494993532678212,0.0,0.0,0.0,0,0.0,0.0
1762438828.5908363,86.381523007,2,-0.1766882468268376,0.0706752987307353,-2.105833333333341,2.1144142834825987,0.1795377576770894,0.07181510307083609,2.105833333333341,2.1146927065743153,0.004872823067332258,0.0019491292269329108,0.0,0.0,0.0,0,0.0,0.0
1762438828.6909547,86.481643623,2,-0.17665796801204137,0.07066318720481646,-2.1075000000000075,2.116071259123406,0.17950338633825938,0.07180135453530363,2.107500000000008,2.1163490142743564,0.00487185894513537,0.0019487435780541431,0.0,0.0,0.0,0,0.0,0.0
1762438828.7909384,86.58162051,2,-0.1769549517728981,0.0707819807091592,-2.109166666666674,2.1177599419027335,0.17963432812439534,0.07185373124975811,2.1091666666666744,2.118021595336796,0.0046943183285238395,0.0018777273314095353,0.0,0.0,0.0,0,0.0,0.0
1762438828.8911076,86.681788347,2,-0.176609783241356,0.0706439132965424,-2.110833333333341,2.1193864534656135,0.17945440297486656,0.0717817611899465,2.110833333333341,2.119663620742154,0.004870526214103622,0.0019482104856414452,0.0,0.0,0.0,0,0.0,0.0
1762438828.9917662,86.782439819,2,-0.1769217589181452,0.07076870356725862,-2.1125000000000074,2.12107655877465,0.1796018005988643,0.07184072023954616,2.1125000000000074,2.1213378198351442,0.004693460781368125,0.001877384312547262,0.0,0.0,0.0,0,0.0,0.0
1762438829.0917559,86.882453828,2,-0.1768865188296037,0.07075460753184193,-2.1141666666666743,2.122733084840182,0.1797312657763982,0.07189250631055981,2.114166666666674,2.1230102578192307,0.004878019984340508,0.0019512079937362163,0.0,0.0,0.0,0,0.0,0.0
1762438829.191403,86.982062036,2,-0.17687967937816762,0.0707518717512674,-2.115833333333341,2.1243923702503045,0.1797202034854772,0.07188808139419134,2.115833333333341,2.124668901789612,0.004877681309546653,0.0019510725238186734,0.0,0.0,0.0,0,0.0,0.0
1762438829.2911363,87.081819133,2,-0.1768809895856982,0.07075239583427928,-2.1175000000000073,2.1260524537257157,0.17972254004433727,0.07188901601773481,2.1175000000000073,2.1263288720289757,0.004877747979771561,0.0019510991919086213,0.0,0.0,0.0,0,0.0,0.0
1762438829.3909247,87.181587135,2,-0.17687108525601936,0.07074843410240783,-2.119166666666674,2.1277114660683503,0.17971441719420073,0.07188576687768022,2.119166666666674,2.127987828052169,0.004877540810427192,0.0019510163241708727,0.0,0.0,0.0,0,0.0,0.0
1762438829.4906611,87.281336615,2,-0.1768311984103379,0.07073247936413551,-2.1208333333333407,2.1293676019292778,0.17968201389091987,0.07187280555636841,2.1208333333333407,2.1296444196325943,0.004876735785349244,0.0019506943141397114,0.0,0.0,0.0,0,0.0,0.0
1762438829.590741,87.381456058,2,-0.1767756103741842,0.07071024414967386,-2.1225000000000076,2.1310222441473727,0.1796251291637748,0.07185005166551003,2.1225000000000076,2.1312986339205193,0.004875197399821254,0.0019500789599285035,0.0,0.0,0.0,0,0.0,0.0
1762438829.691133,87.481825854,2,-0.17672860203898177,0.07069144081559253,-2.124166666666674,2.132677731482431,0.17957682632522293,0.07183073053008879,2.1241666666666736,2.132953707462807,0.0048738819936150635,0.001949552797446012,0.0,0.0,0.0,0,0.0,0.0
1762438829.7909336,87.581627789,2,-0.17702192285372886,0.07080876914149159,-2.1258333333333406,2.1343659489575133,0.17970255150471728,0.07188102060188714,2.125833333333341,2.1346257867015517,0.004696102080721012,0.001878440832288411,0.0,0.0,0.0,0,0.0,0.0
1762438829.8917909,87.682471445,2,-0.176989508835119,0.07079580353404658,-2.1275000000000075,2.1360228421147,0.17966813490957706,0.07186725396383006,2.1275000000000075,2.1362822357764952,0.004695183200552003,0.001878073280220784,0.0,0.0,0.0,0,0.0,0.0
1762438829.9915404,87.782255501,2,-0.1769528295497187,0.07078113181988677,-2.129166666666674,2.1376793414709865,0.1796324152873547,0.07185296611494119,2.1291666666666744,2.137938574376252,0.004694270036000535,0.0018777080144001964,0.0,0.0,0.0,0,0.0,0.0
1762438830.0907745,87.881464618,2,-0.17691595884007905,0.07076638353603082,-2.130833333333341,2.139335838987313,0.1797629188478727,0.07190516753914845,2.1308333333333405,2.1396111222733945,0.004878886142699084,0.0019515544570796169,0.0,0.0,0.0,0,0.0,0.0
1762438830.1911736,87.981838994,2,-0.17687640119880665,0.07075056047952222,-2.1325000000000074,2.1409920955270336,0.17972377066743903,0.07188950826697522,2.132500000000007,2.141267144739726,0.0048778392816144255,0.0019511357126457596,0.0,0.0,0.0,0,0.0,0.0
1762438830.2909002,88.081581678,2,-0.17683431675523642,0.0707337267020951,-2.134166666666674,2.1426481271516793,0.1796839244201,0.07187356976804067,2.134166666666674,2.142923116641694,0.004876770687863208,0.0019507082751453035,0.0,0.0,0.0,0,0.0,0.0
1762438830.3909118,88.181595073,2,-0.1767819845634555,0.0707127938253822,-2.135833333333341,2.1443031961582752,0.17963242703952606,0.07185297081581037,2.135833333333341,2.1445779738766735,0.0048753956401177845,0.0019501582560471115,0.0,0.0,0.0,0,0.0,0.0
1762438830.490716,88.281376766,2,-0.17673859884251653,0.07069543953700674,-2.1375000000000073,2.1459591392876467,0.17958613720911853,0.07183445488364741,2.1375000000000073,2.146233356274698,0.004874123293381503,0.0019496493173526007,0.0,0.0,0.0,0,0.0,0.0
1762438830.5910454,88.381725653,2,-0.1770238981400607,0.07080955925602428,-2.139166666666674,2.1476464983727057,0.17987598186506507,0.07195039274602592,2.139166666666674,2.147921380229276,0.004881984382718776,0.0019527937530875086,0.0,0.0,0.0,0,0.0,0.0
1762438830.6910272,88.481732967,2,-0.1769564365447427,0.07078257461789783,-2.1408333333333407,2.149300145260148,0.17963963982675651,0.0718558559307036,2.1408333333333407,2.149558332620858,0.004694488641128937,0.001877795456451603,0.0,0.0,0.0,0,0.0,0.0
1762438830.7904875,88.581216412,2,-0.17657402999418226,0.0706296119976737,-2.142500000000007,2.1509237969206065,0.17959137746608234,0.07183655098643375,2.1425000000000067,2.151213565157542,0.005055331799413478,0.002022132719765413,0.0,0.0,0.0,0,0.0,0.0
1762438830.890371,88.681119012,2,-0.17655882175672866,0.07062352870269217,-2.144166666666674,2.1525824943056238,0.17940022950774728,0.07176009180309954,2.144166666666674,2.1528549991969963,0.00486904380666493,0.0019476175226659904,0.0,0.0,0.0,0,0.0,0.0
1762438830.9942248,88.78484835,2,-0.1768975591151929,0.07075902364607778,-2.1458333333333406,2.15427488503504,0.17973802432152372,0.07189520972861002,2.1458333333333406,2.1545476028654833,0.004878158027173274,0.0019512632108693248,0.0,0.0,0.0,0,0.0,0.0
1762438831.0938852,88.884494302,2,-0.17879740408929634,0.07151896163571858,-2.1475000000000075,2.156116815848008,0.18118061248331244,0.07247224499332519,2.1475000000000075,2.1563475811274566,0.004369449037193106,0.0017477796148772486,0.0,0.0,0.0,0,0.0,0.0
1762438831.1923978,88.983030023,2,-0.16321052324743013,0.06528420929897227,-2.1475000000000075,2.1546823322435547,0.17353458909452157,0.0694138356378088,2.1475000000000084,2.15561795877428,0.028697527725257337,0.011479011090102992,0.0019124493428038826,0.0007649797371215574,0.1,0,0.0,0.0
1762438831.2911532,89.081813359,2,-0.1649500807931743,0.06598003231726968,-2.149166666666674,2.1564969869975252,0.16703313345770007,0.06681325338308004,2.149166666666674,2.1566829715123808,0.020263450500871777,0.008105380200348714,0.0017899479212608762,0.0007159791685043509,0.1,0,0.0,0.0
1762438831.3910043,89.181710936,2,-0.16366060693240958,0.06546424277296392,-2.1508333333333405,2.1580441119497835,0.1667452350893338,0.06669809403573358,2.1508333333333405,2.1583180110796474,0.021202804191723944,0.008481121676689587,0.001815844167527614,0.0007263376670110467,0.1,0,0.0,0.0
1762438831.4908357,89.281525489,2,-0.16364238020614907,0.06545695208245905,-2.1525000000000074,2.159703611881846,0.16644908381574403,0.06657963352629721,2.1525000000000074,2.159952405749633,0.021012861595047203,0.008405144638018825,0.0018144966513059864,0.0007257986605223897,0.1,0,0.0,0.0
1762438831.5907614,89.381457235,2,-0.16383302763500507,0.06553321105400167,-2.154166666666674,2.161381477313274,0.16655860831434507,0.06662344332573744,2.1541666666666743,2.1616231126128347,0.021057243171704754,0.0084228972686818,0.0018355641450380036,0.0007342256580151925,0.1,0,0.0,0.0
1762438831.6907015,89.481393456,2,-0.16466668552376662,0.0658666742095062,-2.155833333333341,2.163116015659804,0.16735211449236137,0.06694084579694405,2.155833333333341,2.163355072144242,0.02115624323250418,0.008462497293001605,0.001844251844531748,0.0007377007378126933,0.1,0,0.0,0.0
1762438831.790771,89.581455074,2,-0.1656521656569201,0.06626086626276728,-2.1575000000000073,2.1648642895998704,0.16832061333055212,0.0673282453322201,2.1575000000000073,2.1651030394629074,0.021277868810400384,0.008511147524160063,0.0018548898761533996,0.0007419559504613523,0.1,0,0.0,0.0
1762438831.890517,89.681219791,2,-0.16668121698248006,0.06667248679299131,-2.1591666666666742,2.1666168426914805,0.16934686026794607,0.06773874410717784,2.159166666666674,2.166856615233298,0.021407122579832273,0.008562849031932848,0.0018661781667062374,0.0007464712666824894,0.1,0,0.0,0.0
1762438831.991373,89.781987655,2,-0.16862426603804814,0.06744970641521908,-2.1608333333333407,2.1684520516803794,0.17082681600940736,0.06833072640376292,2.1608333333333403,2.1686520199615367,0.021030931787535533,0.00841237271501421,0.0018269291105899373,0.0007307716442359752,0.1,0,0.0,0.0
1762438832.0913823,89.882027677,2,-0.17059159195771856,0.06823663678308711,-2.162500000000007,2.170291220054619,0.17301718769664023,0.06920687507865571,2.1625000000000068,2.1705139457733593,0.02133155809201632,0.00853262323680647,0.001766889014949692,0.000706755605979872,0.1,0,0.0,0.0
1762438832.1913674,89.98202706,2,-0.17279948930115108,0.0691197957204599,-2.164166666666674,2.172154361636005,0.1751403041084428,0.07005612164337652,2.1641666666666746,2.172371825313073,0.004224127214059718,0.0016896508856238735,0.0,0.0,0.0,0,0.0,0.0
1762438832.2915978,90.08222952,2,-0.17349794957212872,0.06939917982885135,-2.1658333333333406,2.173879438341616,0.17623964157871597,0.07049585663148619,2.1658333333333406,2.1741352544963277,0.004606585796856947,0.001842634318742773,0.0,0.0,0.0,0,0.0,0.0
1762438832.3914437,90.182047716,2,-0.1727727748624921,0.06910910994499697,-2.167500000000007,2.175472994732664,0.17549394736732227,0.07019757894692909,2.167500000000007,2.1757256434699217,0.004587075237659609,0.0018348300950638485,0.0,0.0,0.0,0,0.0,0.0
1762438832.4913833,90.281997972,2,-0.17298686011885955,0.06919474404754422,-2.169166666666674,2.177153277597927,0.1756643426410272,0.07026573705641125,2.169166666666674,2.1774019525244745,0.004591098802701236,0.001836439521080502,0.0,0.0,0.0,0,0.0,0.0
1762438832.5912313,90.381855842,2,-0.17300890772993793,0.06920356309197473,-2.170833333333341,2.178815865650348,0.17567774541271208,0.07027109816508455,2.170833333333341,2.179063573781583,0.004591345679235663,0.0018365382716942582,0.0,0.0,0.0,0,0.0,0.0
1762438832.6911657,90.481821834,2,-0.17370338937815943,0.0694813557512639,-2.1725000000000074,2.180540478018816,0.1763790776663061,0.07055163106652261,2.1725000000000074,2.180789618850153,0.004609619762746921,0.0018438479050987722,0.0,0.0,0.0,0,0.0,0.0
1762438832.7912357,90.581872839,2,-0.17369136611471192,0.06947654644588508,-2.174166666666674,2.18219989359667,0.17653510967472336,0.07061404386988956,2.1741666666666735,2.182464589079053,0.004791691149223546,0.0019166764596894221,0.0,0.0,0.0,0,0.0,0.0
1762438832.892507,90.683137036,2,-0.17431723581419045,0.06972689432567614,-2.175833333333341,2.1839182752426156,0.17717138091052928,0.07086855236421158,2.1758333333333413,2.184184686415602,0.004808965712880822,0.0019235862851523244,0.0,0.0,0.0,0,0.0,0.0
1762438832.99119,90.781853815,2,-0.17487079728710375,0.06994831891484132,-2.1775000000000073,2.1856300723276276,0.1777383229448341,0.07109532917793361,2.177500000000007,2.1858983753308823,0.004824382864783662,0.0019297531459134627,0.0,0.0,0.0,0,0.0,0.0
1762438833.0911283,90.881790932,2,-0.17505725964113927,0.07002290385645615,-2.179166666666674,2.1873078458069632,0.17775050751029192,0.07110020300411717,2.179166666666674,2.187559791845364,0.004645462447443863,0.0018581849789775535,0.0,0.0,0.0,0,0.0,0.0
1762438833.1911356,90.981767794,2,-0.17493114832410472,0.06997245932964224,-2.1808333333333407,2.188956618916062,0.17779098642465294,0.07111639456986177,2.1808333333333407,2.189223881700608,0.004825768507597586,0.0019303074030390503,0.0,0.0,0.0,0,0.0,0.0
1762438833.2912564,91.081880762,2,-0.17516675307058005,0.07006670122823278,-2.1825000000000077,2.1906389442357517,0.17785464902308473,0.07114185960923429,2.1825000000000077,2.190890159357109,0.0046481290161579794,0.0018592516064632005,0.0,0.0,0.0,0,0.0,0.0
1762438833.3915093,91.1821514,2,-0.1751254633216046,0.07005018532864193,-2.184166666666674,2.192295596890619,0.17796834679364568,0.07118733871745861,2.1841666666666746,2.19256115021496,0.004830400469448156,0.0019321601877792744,0.0,0.0,0.0,0,0.0,0.0
1762438833.491376,91.282040964,2,-0.17542924607096166,0.07017169842838444,-2.1858333333333406,2.1939842407703147,0.17810798563392405,0.07124319425356944,2.1858333333333406,2.194234583718243,0.004654627087164206,0.001861850834865679,0.0,0.0,0.0,0,0.0,0.0
1762438833.59177,91.382187264,2,-0.17572285546080657,0.0702891421843217,-2.1875000000000075,2.1956719553340247,0.17857321341899493,0.07142928536759717,2.187500000000007,2.1959387025504475,0.004846785133891776,0.0019387140535566897,0.0,0.0,0.0,0,0.0,0.0
1762438833.694721,91.485329219,2,-0.17596056591545128,0.07038422636618047,-2.189166666666674,2.197354489954438,0.17848599776253074,0.0713943991050118,2.189166666666674,2.1975907503594314,0.004484598675434184,0.0017938394701736578,0.0,0.0,0.0,0,0.0,0.0
1762438833.7911847,91.581821158,2,-0.1761339075412378,0.07045356301649575,-2.1908333333333405,2.1990310485238584,0.17883500939291033,0.0715340037571644,2.19083333333334,2.199283921807861,0.0046737252787902766,0.0018694901115161168,0.0,0.0,0.0,0,0.0,0.0
1762438833.8912084,91.681860316,2,-0.176297672957336,0.07051906918293427,-2.1925000000000074,2.200706717990526,0.17916604707188202,0.0716664188287528,2.192500000000007,2.2009754196744526,0.004862972674577033,0.001945189069830813,0.0,0.0,0.0,0,0.0,0.0
1762438833.9935622,91.783952653,2,-0.17707517219453317,0.07083006887781274,-2.1941666666666744,2.2024395284266274,0.17962730823272138,0.07185092329308822,2.1941666666666744,2.202679251764121,0.004513366888299591,0.0018053467553198303,0.0,0.0,0.0,0,0.0,0.0
1762438834.0916243,91.882230102,2,-0.17702161617735723,0.0708086464709432,-2.195833333333341,2.20409494913148,0.17993530250151307,0.07197412100060543,2.1958333333333404,2.2043686204802344,0.004884130493266679,0.001953652197306676,0.0,0.0,0.0,0,0.0,0.0
1762438834.191189,91.981836921,2,-0.1766302274660383,0.07065209098641523,-2.1975000000000073,2.205718976935976,0.17953045607746812,0.07181218243098694,2.1975000000000073,2.2059905766355663,0.004873099570960781,0.0019492398283843056,0.0,0.0,0.0,0,0.0,0.0
1762438834.2908928,92.081568439,2,-0.1760707403648556,0.07042829614594215,-2.1991666666666743,2.207327587443346,0.17893916142438804,0.07157566456975524,2.199166666666674,2.207595145634198,0.004856854453251324,0.0019427417813005303,0.0,0.0,0.0,0,0.0,0.0
1762438834.3911026,92.181765317,2,-0.17629010580432158,0.07051604232172892,-2.2008333333333407,2.2090083917315395,0.17914855730311516,0.07165942292124637,2.2008333333333407,2.2092751389513117,0.004862397204972023,0.001944958881988816,0.0,0.0,0.0,0,0.0,0.0
1762438834.4911816,92.281807746,2,-0.17716237892554787,0.07086495157021988,-2.2025000000000072,2.2107497822837483,0.17952745530265152,0.07181098212106135,2.2025000000000072,2.210971093063107,0.004329691223128759,0.0017318764892515217,0.0,0.0,0.0,0,0.0,0.0
1762438834.591097,92.381752877,2,-0.17751137770351644,0.07100455108140702,-2.204166666666674,2.212442683988209,0.1800763381649394,0.0720305352659762,2.204166666666674,2.212683117850831,0.004524710373848126,0.0018098841495392624,0.0,0.0,0.0,0,0.0,0.0
1762438834.6913102,92.481918045,2,-0.17796929040732534,0.07118771616293063,-2.205833333333341,2.2141457616211855,0.1807519111042998,0.07230076444172027,2.205833333333341,2.2144072227915066,0.0047242614611820635,0.0018897045844728326,0.0,0.0,0.0,0,0.0,0.0
1762438834.791393,92.582042609,2,-0.1772995920228997,0.07091983680916014,-2.2075000000000076,2.215743897336639,0.1802488203394233,0.07209952813576974,2.2075000000000076,2.2160199072190636,0.004892928602331058,0.001957171440932433,0.0,0.0,0.0,0,0.0,0.0
1762438834.8920312,92.682673615,2,-0.17712482521582573,0.07084993008633034,-2.209166666666674,2.2173881657057968,0.17986962351207084,0.07194784940482846,2.209166666666674,2.2176444565365965,0.004701042787234573,0.0018804171148938324,0.0,0.0,0.0,0,0.0,0.0
1762438834.991129,92.781780279,2,-0.16071961880819186,0.06428784752327654,-2.209166666666674,2.2159379694206627,0.17176997864010093,0.06870799145604037,2.209166666666674,2.216899428202165,0.029251721375149243,0.011700688550059703,0.001922961413848175,0.0007691845655392703,0.1,0,0.0,0.0
1762438835.0914824,92.882092339,2,-0.16072093575091317,0.06428837430036471,-2.210833333333341,2.217599657746331,0.16336065972299812,0.06534426388919874,2.210833333333341,2.217823393723262,0.004270890563061838,0.0017083562252247205,0.00042708905630618385,0.00017083562252247206,0.1,0,0.0,0.0
1762438835.1910844,92.981748283,2,-0.16120925086663962,0.06448370034665551,-2.2125000000000075,2.219302327348713,0.16394208595834625,0.06557683438333806,2.2125000000000075,2.2195345410144323,0.02091843350468098,0.008367373401872347,0.0019251819562748195,0.0007700727825099234,0.1,0,0.0,0.0
1762438835.2918193,93.082426081,2,-0.1623457114086193,0.06493828456344763,-2.214166666666674,2.221059913328009,0.16487405078937703,0.06594962031575075,2.214166666666674,2.221275947022634,0.02084939267816845,0.008339757071267375,0.0019175518268048934,0.0007670207307219566,0.1,0,0.0,0.0
1762438835.3911126,93.181770196,2,-0.1639030537956363,0.06556122151825472,-2.215833333333341,2.2228539866400685,0.1665924265792842,0.06663697063171348,2.2158333333333404,2.2230858920787764,0.02115413976634873,0.008461655906539455,0.0018955657608462435,0.0007582263043384943,0.1,0,0.0,0.0
1762438835.4912238,93.281884292,2,-0.1647710029529148,0.06590840118116548,-2.2175000000000074,2.224589771342213,0.16746245984046151,0.06698498393618406,2.217500000000008,2.22482289486799,0.021263945905720033,0.008505578362287956,0.001905408202795241,0.0007621632811180912,0.1,0,0.0,0.0
1762438835.5922756,93.382760958,2,-0.1662579223936671,0.06650316895746566,-2.2191666666666743,2.2263793618079832,0.16879823125187163,0.0675192925007475,2.2191666666666747,2.226601085102143,0.02118443643443583,0.008473774573774179,0.0018619375389503172,0.0007447750155801132,0.1,0,0.0,0.0
1762438835.690763,93.481435936,2,-0.1673358290791298,0.06693433163165163,-2.2208333333333408,2.228134237178957,0.17005503033956434,0.06802201213582532,2.2208333333333403,2.2283730392201555,0.0214977407088686,0.008599096283547382,0.0018740371793607806,0.0007496148717443072,0.1,0,0.0,0.0
1762438835.7912722,93.581958512,2,-0.16866467002702645,0.06746586801081134,-2.2225000000000077,2.229911582162354,0.1710698966904639,0.06842795867618594,2.222500000000008,2.2301241097935134,0.02124939274873361,0.008499757099493473,0.0018480768989074913,0.0007392307595629992,0.1,0,0.0,0.0
1762438835.891089,93.6817264,2,-0.16926947133575654,0.06770778853430248,-2.224166666666674,2.231625833258263,0.1720116144100206,0.06880464576400819,2.224166666666674,2.23186904541503,0.021681211663304105,0.00867248466532164,0.0018547560248715286,0.0007419024099486115,0.1,0,0.0,0.0
1762438835.9910154,93.781676701,2,-0.17014524375708007,0.0680580975028322,-2.2258333333333407,2.2333641298244835,0.1729011023800738,0.06916044095202949,2.22583333333334,2.2336096314205696,0.021761439822423987,0.008704575928969574,0.0018438900457817872,0.0007375560183127133,0.1,0,0.0,0.0
1762438836.090903,93.881556599,2,-0.17062541276320076,0.06825016510528148,-2.2275000000000076,2.2350676424926257,0.17338493285734488,0.06935397314293895,2.2275000000000076,2.2353139731439726,0.021822279287143847,0.00872891171485767,0.001849045283786107,0.0007396181135144542,0.1,0,0.0,0.0
1762438836.191363,93.982005578,2,-0.17110444379549206,0.06844177751819702,-2.229166666666674,2.2367711182358883,0.17370013323231198,0.06948005329292521,2.2291666666666745,2.2370031832494837,0.021702994090571685,0.008681197636228726,0.001854161953199652,0.0007416647812798652,0.1,0,0.0,0.0
1762438836.2916868,94.082294155,2,-0.17191511928009273,0.06876604771203709,-2.230833333333341,2.238504174368716,0.17434780305742056,0.06973912122296817,2.2308333333333414,2.2387224174897273,0.021592226721251218,0.00863689068850048,0.001842208881354158,0.0007368835525416628,0.1,0,0.0,0.0
1762438836.391155,94.181844262,2,-0.17269166553822757,0.06907666621529096,-2.2325000000000075,2.2402344179040328,0.17529806372224885,0.07011922548889953,2.232500000000008,2.2404692291857007,0.02183841616711951,0.008735366466847794,0.0018298546738485996,0.0007319418695394391,0.1,0,0.0,0.0
1762438836.4911065,94.281767754,2,-0.17304861603466604,0.06921944641386624,-2.234166666666674,2.241927262361077,0.17566783345417358,0.07026713338166941,2.234166666666674,2.242163542694564,0.021884186095495587,0.008753674438198225,0.0018336732148394668,0.0007334692859357855,0.1,0,0.0,0.0
1762438836.5910525,94.381703966,2,-0.17399879600846857,0.06959951840338752,-2.235833333333341,2.2436734094825073,0.176632883146087,0.07065315325843484,2.235833333333341,2.2439121502229846,0.021939436486000673,0.00877577459440028,0.0018021557467201314,0.0007208622986880538,0.1,0,0.0,0.0
1762438836.691449,94.482104077,2,-0.17448724076488098,0.06979489630595292,-2.2375000000000074,2.2453782253197643,0.17713805139433653,0.07085522055773529,2.237500000000007,2.2456189795982975,0.021968876534146975,0.00878755061365886,0.0017864168056396204,0.0007145667222558537,0.1,0,0.0,0.0
1762438836.7918506,94.58209838,2,-0.17547359101089244,0.07018943640435693,-2.2391666666666743,2.247128144818663,0.17799410406980498,0.07119764162792208,2.2391666666666747,2.247358085924034,0.00447226896095725,0.001788907584382902,0.0,0.0,0.0,0,0.0,0.0
1762438836.8911164,94.681768119,2,-0.17503385751625533,0.0700135430065022,-2.240833333333341,2.2487491579229455,0.17771909731956112,0.07108763892782442,2.240833333333341,2.248993454356465,0.021972947124089048,0.008789178849635626,0.0017503385751625534,0.0007001354300650221,0.1,0,0.0,0.0
1762438836.991089,94.781731807,2,-0.17531458988673831,0.0701258359546959,-2.2425000000000073,2.250435310844445,0.1779957047169726,0.0711982818867895,2.2425000000000073,2.250679434357846,0.0046517252677967455,0.0018606901071187099,0.0,0.0,0.0,0,0.0,0.0
1762438837.090953,94.881610418,2,-0.17526356816765265,0.07010542726706159,-2.244166666666674,2.252091498371451,0.17794500119046355,0.07117800047618611,2.244166666666674,2.2523354010844554,0.004650409274381803,0.001860163709752739,0.0,0.0,0.0,0,0.0,0.0
1762438837.1910026,94.981654251,2,-0.1752393461734867,0.0700957384693951,-2.2458333333333407,2.253750119713813,0.178081101588395,0.07123244063535837,2.245833333333341,2.2540084960915636,0.004833430865514076,0.001933372346205641,0.0,0.0,0.0,0,0.0,0.0
1762438837.295208,95.08586227,2,-0.17654045128653628,0.07061618051461449,-2.2475000000000076,2.2555286355732576,0.1787172822202914,0.07148691288811676,2.247500000000008,2.2557274870157777,0.004129897218791944,0.0016519588875167836,0.0,0.0,0.0,0,0.0,0.0
1762438837.391748,95.182372893,2,-0.1824555831028949,0.07298223324115782,-2.249166666666674,2.2577349580096335,0.1849554543997089,0.07398218175988355,2.249166666666674,2.257970898345378,0.004460966047999955,0.0017843864191999822,0.0,0.0,0.0,0,0.0,0.0
1762438837.4913933,95.282047781,2,-0.1814139590554915,0.07256558362219678,-2.2508333333333406,2.2592980066629313,0.18458480827886808,0.07383392331154745,2.2508333333333406,2.2595959139021735,0.00501191072126193,0.002004764288504779,0.0,0.0,0.0,0,0.0,0.0
1762438837.59118,95.381819002,2,-0.18030565387766107,0.07212226155106449,-2.2525000000000075,2.2608555901320906,0.1830663544067203,0.0732265417626883,2.252500000000007,2.2611129265329324,0.004601271266019267,0.0018405085064077127,0.0,0.0,0.0,0,0.0,0.0
1762438837.6916018,95.482258604,2,-0.17883660441294902,0.07153464176517943,-2.254166666666674,2.2623808470639,0.18190231033902377,0.07276092413560939,2.254166666666674,2.2626643506492266,0.004938653606540557,0.0019754614426162193,0.0,0.0,0.0,0,0.0,0.0
1762438837.7909117,95.581560834,2,-0.1781139459565586,0.07124557838262291,-2.255833333333341,2.263975383691506,0.18112606525280905,0.07245042610112308,2.2558333333333405,2.264252579447357,0.004917166941741727,0.001966866776696676,0.0,0.0,0.0,0,0.0,0.0
1762438837.8917024,95.682299305,2,-0.17727750410755938,0.07091100164302322,-2.2575000000000074,2.265559960278398,0.1802415717106909,0.07209662868427599,2.257500000000007,2.265831237766928,0.004892883678101256,0.001957153471240494,0.0,0.0,0.0,0,0.0,0.0
1762438837.9917388,95.782355137,2,-0.17673606289591248,0.0706944251583651,-2.259166666666674,2.267171666516285,0.1796512935615664,0.07186051742462657,2.259166666666674,2.2674374410379414,0.004876515142464288,0.0019506060569857145,0.0,0.0,0.0,0,0.0,0.0
1762438838.0916016,95.882261247,2,-0.17672776980929727,0.07069110792371847,-2.260833333333341,2.268831703426324,0.17945462131756762,0.07178184852702682,2.260833333333341,2.2690799800803263,0.004690061826172198,0.0018760247304688716,0.0,0.0,0.0,0,0.0,0.0
1762438838.191461,95.981996642,2,-0.17612489248427776,0.07044995699371115,-2.2625000000000073,2.270438156874802,0.17883093213645135,0.0715323728545806,2.2625000000000073,2.2706835166211587,0.0046736800960754795,0.0018694720384301918,0.0,0.0,0.0,0,0.0,0.0
1762438838.2909317,96.081604352,2,-0.176632118299187,0.07065284731967436,-2.264166666666674,2.2721446750798493,0.1795046778684412,0.07180187114737603,2.264166666666675,2.2724058027829006,0.004872110678290888,0.0019488442713163443,0.0,0.0,0.0,0,0.0,0.0
1762438838.3916779,96.182325071,2,-0.1767476290449954,0.07069905161799694,-2.2658333333333407,2.2738159060744536,0.1794607614862872,0.07178430459451392,2.265833333333341,2.274062410256991,0.004690093446467652,0.00187603737858704,0.0,0.0,0.0,0,0.0,0.0
1762438838.4916842,96.28230192,2,-0.17653485335880026,0.07061394134352028,-2.267500000000007,2.275457565669488,0.1790686081870211,0.07162744327480827,2.2675000000000076,2.275687216439939,0.0044992751935093835,0.0017997100774037457,0.0,0.0,0.0,0,0.0,0.0
1762438838.5909402,96.38156517,2,-0.16003924448273565,0.06401569779309502,-2.267500000000007,2.274041956371644,0.17092360545047183,0.06836944218018907,2.2675000000000063,2.274960551201767,0.029146094353585863,0.011658437741434413,0.0019341450354160765,0.0007736580141664369,0.1,0,0.0,0.0
1762438838.6913924,96.482041128,2,-0.161148867841431,0.06445954713657198,-2.269166666666674,2.275794663833882,0.1637869248163038,0.06551476992652122,2.2691666666666737,2.276013115720217,0.02069141277518429,0.008276565110073679,0.001886122778929149,0.0007544491115716562,0.1,0,0.0,0.0
1762438838.791056,96.581719497,2,-0.16157779400555583,0.06463111760222173,-2.2708333333333406,2.277491732730555,0.16416108593674478,0.06566443437469725,2.270833333333341,2.277706018751211,0.02073372741803113,0.008293490967212373,0.0018900011046307226,0.0007560004418522816,0.1,0,0.0,0.0
1762438838.893662,96.684250417,2,-0.16259661833730332,0.06503864733492026,-2.2725000000000075,2.2792375777750586,0.16531290754559186,0.06612516301823584,2.2725000000000075,2.2794642231422277,0.020994636620022714,0.008397854648008962,0.0018812419723401468,0.0007524967889360481,0.1,0,0.0,0.0
1762438838.9911306,96.781780428,2,-0.16401876994188003,0.06560750797675097,-2.274166666666674,2.2810174330271957,0.16656638338928478,0.06662655335571296,2.274166666666674,2.281231572082339,0.02093702631427778,0.008374810525710994,0.001857285661281297,0.0007429142645125087,0.1,0,0.0,0.0
1762438839.0910904,96.881731194,2,-0.1651340212672685,0.06605360850690689,-2.2758333333333405,2.282772368259224,0.167840504755978,0.06713620190239086,2.2758333333333405,2.283001328460797,0.021218381094200184,0.008487352437680038,0.0018496613413069355,0.0007398645365227712,0.1,0,0.0,0.0
1762438839.1911414,96.981805543,2,-0.16593324089299655,0.06637329635719735,-2.2775000000000074,2.2845011501206574,0.1686341997372613,0.06745367989490322,2.2775000000000074,2.284730562287909,0.02131820875292492,0.008527283501169807,0.0018583774312697999,0.0007433509725079057,0.1,0,0.0,0.0
1762438839.2912757,97.081909444,2,-0.16710226475325118,0.06684090590129965,-2.279166666666674,2.286261482864952,0.16980124725944856,0.06792049890377837,2.279166666666674,2.2864921500382804,0.02143396198784358,0.008573584795137297,0.0018510656427895848,0.0007404262571158223,0.1,0,0.0,0.0
1762438839.3910265,97.18166329,2,-0.16795054469018478,0.06718021787607342,-2.280833333333341,2.287995030934308,0.17048814848076713,0.06819525939230636,2.2808333333333413,2.2882127297566686,0.021364289910894764,0.008545715964357842,0.0018602791909254435,0.0007441116763701721,0.1,0,0.0,0.0
1762438839.4911137,97.281773344,2,-0.1690834139946853,0.06763336559787403,-2.2825000000000073,2.289753201336386,0.17162993998338122,0.0686519759933526,2.2825000000000073,2.2899729649291767,0.021475831390650738,0.008590332556260318,0.0018524021324761355,0.000740960852990456,0.1,0,0.0,0.0
1762438839.5909328,97.381598104,2,-0.16977045726634854,0.06790818290653977,-2.2841666666666742,2.291473519501641,0.17250346377935366,0.06900138551174179,2.2841666666666742,2.291710277790271,0.021743197622692452,0.008697279049077022,0.0018600827436629859,0.0007440330974651983,0.1,0,0.0,0.0
1762438839.6913326,97.481976399,2,-0.1707046891655497,0.06828187566622024,-2.2858333333333407,2.293215326397723,0.17344753842394614,0.06937901536957887,2.2858333333333403,2.2934540597397604,0.021798522216104396,0.008719408886441807,0.0018292790284295097,0.0007317116113718081,0.1,0,0.0,0.0
1762438839.7918286,97.582470394,2,-0.17155285390762431,0.06862114156304999,-2.287500000000007,2.29494999787649,0.17414925449666582,0.06965970179866661,2.287500000000007,2.295176831291318,0.02172712469334424,0.00869084987733773,0.00183838573051635,0.0007353542922065433,0.1,0,0.0,0.0
1762438839.8916292,97.682240069,2,-0.17196060063761776,0.06878424025504792,-2.289166666666674,2.296646630994182,0.17473309479744062,0.06989323791897703,2.2891666666666746,2.2968893632262968,0.021959806278742968,0.0087839225114973,0.0018427938613960076,0.000737117544558413,0.1,0,0.0,0.0
1762438839.9915752,97.782179787,2,-0.17297465837224246,0.06918986334889765,-2.2908333333333406,2.29839614312685,0.17559304275674723,0.07023721710269971,2.2908333333333406,2.2986264473467735,0.021842564976669025,0.008737025990667701,0.0018122012674645282,0.0007248805069858184,0.1,0,0.0,0.0
1762438840.0912945,97.881979282,2,-0.17326158687019522,0.06930463474807902,-2.292500000000007,2.3000823811077673,0.1760554850222774,0.07042219400891185,2.2925000000000066,2.3003284698528357,0.022061119648709396,0.008824447859483865,0.0018152392568226484,0.0007260957027290679,0.1,0,0.0,0.0
1762438840.1911633,97.981810316,2,-0.1735266079150799,0.06941064316603296,-2.294166666666674,2.301766716129963,0.17632577111284375,0.07053030844513841,2.294166666666674,2.302013465732202,0.02209492410251128,0.008837969641004634,0.0018180190639775216,0.0007272076255910191,0.1,0,0.0,0.0
1762438840.2909663,98.081611422,2,-0.17376581766867227,0.06950632706746984,-2.295833333333341,2.303448801978666,0.17656900795105812,0.07062760318042426,2.2958333333333405,2.303696066616495,0.022125425828062054,0.008850170331224944,0.001820530375079222,0.000728212150031699,0.1,0,0.0,0.0
1762438840.3909342,98.181589563,2,-0.17433116045223862,0.06973246418089563,-2.2975000000000074,2.30515947822822,0.17679858314612307,0.07071943325844945,2.2975000000000074,2.305377458734883,0.021798286088020417,0.008719314435208203,0.0018055661124735105,0.0007222264449894074,0.1,0,0.0,0.0
1762438840.4911995,98.281866613,2,-0.1748666892586339,0.0699466757034537,-2.299166666666674,2.3068676289647363,0.1775142157351495,0.07100568629406022,2.299166666666674,2.3071021792251205,0.022016168501994865,0.008806467400797978,0.0017902877741834884,0.0007161151096733973,0.1,0,0.0,0.0
1762438840.592303,98.382921236,2,-0.17589883338718337,0.07035953335487277,-2.300833333333341,2.308619693951063,0.17841012074742676,0.07136404829897021,2.3008333333333413,2.3088432225581155,0.004482581275169882,0.0017930325100679408,0.0,0.0,0.0,0,0.0,0.0
1762438840.691129,98.481782367,2,-0.17602433870378542,0.07040973548151463,-2.3025000000000073,2.3102918319265893,0.17891894053654386,0.07156757621461768,2.3025000000000073,2.3105497517361506,0.004856508500943216,0.0019426034003772873,0.0,0.0,0.0,0,0.0,0.0
1762438840.7915814,98.58224777,2,-0.17604681508062114,0.07041872603224875,-2.304166666666674,2.311954866742395,0.17894154283267466,0.07157661713307004,2.3041666666666734,2.312212644989504,0.004857143309298368,0.0019428573237193522,0.0,0.0,0.0,0,0.0,0.0
1762438840.8909495,98.681599691,2,-0.17610737206875715,0.07044294882750257,-2.3058333333333407,2.3136212690601767,0.17882229246474737,0.07152891698589886,2.3058333333333407,2.3138628220701998,0.004673525568643997,0.0018694102274575985,0.0,0.0,0.0,0,0.0,0.0
1762438840.9911003,98.781744386,2,-0.17622549365649753,0.07049019746259866,-2.3075000000000077,2.3152927552585716,0.17910412667726158,0.0716416506709045,2.307500000000007,2.31554897687432,0.004861383215640698,0.001944553286256275,0.0,0.0,0.0,0,0.0,0.0
1762438841.091034,98.881681895,2,-0.17633853957271794,0.07053541582908662,-2.309166666666674,2.3169637933876523,0.1792192960307108,0.07168771841228401,2.3091666666666746,2.3172201836436224,0.004864499997569649,0.0019457999990278529,0.0,0.0,0.0,0,0.0,0.0
1762438841.1910732,98.981689332,2,-0.17609183523267813,0.07043673409307105,-2.3108333333333406,2.3186031058354484,0.1789751695362413,0.07159006781449652,2.3108333333333406,2.3188591901115276,0.0048579336225826,0.0019431734490330398,0.0,0.0,0.0,0,0.0,0.0
1762438841.2911232,99.08175476,2,-0.17618133499046484,0.07047253399618525,-2.3125000000000075,2.3202720725912513,0.17906847194868725,0.07162738877947433,2.312500000000007,2.3205284420729333,0.0048604937278459845,0.001944197491138379,0.0,0.0,0.0,0,0.0,0.0
1762438841.3911307,99.181617955,2,-0.17658912040731733,0.07063564816292611,-2.314166666666674,2.3219690939693347,0.1793109368148006,0.07172437472591937,2.3141666666666745,2.322211049646947,0.004686264154994906,0.0018745056619979409,0.0,0.0,0.0,0,0.0,0.0
1762438841.4912694,99.281921248,2,-0.17662197244483657,0.0706487889779348,-2.3158333333333405,2.3236330605997506,0.17916738750933248,0.07166695500373298,2.3158333333333405,2.323859103509556,0.004501848379099299,0.0018007393516397167,0.0,0.0,0.0,0,0.0,0.0
1762438841.591337,99.381993981,2,-0.17697517390571038,0.07079006956228384,-2.3175000000000074,2.3253252882398248,0.17971174657565006,0.07188469863025972,2.3175000000000074,2.3255687415672037,0.00469681303967466,0.0018787252158698566,0.0,0.0,0.0,0,0.0,0.0
1762438841.6965215,99.487150139,2,-0.17882508322301094,0.07153003328920382,-2.3191666666666744,2.3271503999161474,0.18127158629145776,0.07250863451658257,2.3191666666666744,2.327369957237975,0.0043722304983381454,0.0017488921993352449,0.0,0.0,0.0,0,0.0,0.0
1762438841.791035,99.581710521,2,-0.178846683747389,0.07153867349895504,-2.320833333333341,2.328813277015694,0.18170758006436405,0.07268303202574518,2.3208333333333413,2.329070164015771,0.004749791902079495,0.001899916760831787,0.0,0.0,0.0,0,0.0,0.0
1762438841.8908718,99.681506983,2,-0.17772778426595925,0.07109111370638255,-2.3225000000000073,2.3303749401648086,0.1805668650942959,0.07222674603771738,2.3225000000000073,2.330628101094898,0.004720015632113787,0.0018880062528454885,0.0,0.0,0.0,0,0.0,0.0
1762438841.9908636,99.781564675,2,-0.17756012349476302,0.07102404939790408,-2.3241666666666743,2.332021163603116,0.1805436019300771,0.07221744077202948,2.324166666666674,2.3322868703043427,0.0049011748268552235,0.001960469930742051,0.0,0.0,0.0,0,0.0,0.0
1762438842.0910358,99.881680145,2,-0.17652368836722543,0.07060947534688916,-2.3258333333333407,2.3335910106546116,0.17929159284476498,0.07171663713790508,2.3258333333333407,2.3338357795165585,0.0046862156226064825,0.0018744862490425685,0.0,0.0,0.0,0,0.0,0.0
1762438842.190873,99.981523782,2,-0.17643079512757565,0.0705723180510302,-2.3275000000000072,2.3352439974324906,0.17933439136508378,0.07173375654603348,2.3275000000000077,2.335500547153549,0.004867832584162236,0.0019471330336648936,0.0,0.0,0.0,0,0.0,0.0
1762438842.2918456,100.082478676,2,-0.17610903248492438,0.07044361299396967,-2.329166666666674,2.3368769875724236,0.17900018558929717,0.07160007423571899,2.329166666666674,2.337131788792132,0.004858695847263416,0.0019434783389053703,0.0,0.0,0.0,0,0.0,0.0
1762438842.390736,100.18138491,2,-0.17620995496520564,0.07048398198608224,-2.330833333333341,2.338546977873925,0.1790857611337123,0.07163430445348475,2.330833333333341,2.338800378654234,0.00486086934853899,0.0019443477394155905,0.0,0.0,0.0,0,0.0,0.0
1762438842.4909031,100.281553139,2,-0.17604386411496487,0.07041754564598596,-2.3325000000000076,2.3401936507108485,0.17890908954180762,0.07156363581672302,2.332500000000008,2.3404456982147708,0.0048560024767590115,0.001942400990703603,0.0,0.0,0.0,0,0.0,0.0
1762438842.5915418,100.382192253,2,-0.17623972104503638,0.07049588841801413,-2.334166666666674,2.3418719301737423,0.1791045346134209,0.07164181384536807,2.3341666666666745,2.342124038471908,0.004861267711647769,0.0019445070846591005,0.0,0.0,0.0,0,0.0,0.0
1762438842.6923184,100.48296387,2,-0.17642859705405778,0.07057143882162253,-2.335833333333341,2.3435496024080575,0.17929694493959633,0.07171877797583782,2.3358333333333414,2.3438021116745693,0.004866492338392077,0.0019465969353568108,0.0,0.0,0.0,0,0.0,0.0
1762438842.7910657,100.58173675,2,-0.1768917102477121,0.07075668409908492,-2.3375000000000075,2.3452512521047915,0.17960680901628875,0.07184272360651561,2.3375000000000075,2.3454906166472402,0.004693899798584118,0.0018775599194336505,0.0,0.0,0.0,0,0.0,0.0
1762438842.8912857,100.681896158,2,-0.17629966925475893,0.07051986770190377,-2.339166666666674,2.3468607371475003,0.17918201136503287,0.07167280454601323,2.339166666666674,2.34711394664869,0.004863521470895193,0.0019454085883580774,0.0,0.0,0.0,0,0.0,0.0
1762438842.9914806,100.782144579,2,-0.17610151459289725,0.07044060583715916,-2.340833333333341,2.3485046980657924,0.17897203820462432,0.07158881528185014,2.3408333333333413,2.348756403584045,0.004857754694494272,0.001943101877797719,0.0,0.0,0.0,0,0.0,0.0
1762438843.0908937,100.881544717,2,-0.17661448338165409,0.07064579335266108,-2.3425000000000074,2.350210576492802,0.17948820060955276,0.07179528024382054,2.342500000000007,2.3504631089262764,0.004871675795788203,0.0019486703183152667,0.0,0.0,0.0,0,0.0,0.0
1762438843.191483,100.981926915,2,-0.1764301208157737,0.07057204832630909,-2.3441666666666743,2.351855727430402,0.17930074613059158,0.07172029845223617,2.344166666666674,2.352107548536888,0.004866617533151721,0.0019466470132606768,0.0,0.0,0.0,0,0.0,0.0
1762438843.2910655,101.081710956,2,-0.17691078646704161,0.07076431458681681,-2.3458333333333408,2.3535588036769215,0.1796231403362152,0.07184925613448623,2.3458333333333408,2.3537971059394938,0.004694288857270043,0.0018777155429080216,0.0,0.0,0.0,0,0.0,0.0
1762438843.3914058,101.181900041,2,-0.17662273017011376,0.07064909206804548,-2.3475000000000077,2.3551949246342265,0.17951457699824402,0.07180583079929757,2.347500000000008,2.355448537050146,0.004872577913846364,0.0019490311655385446,0.0,0.0,0.0,0,0.0,0.0
1762438843.4910896,101.281742082,2,-0.16038883678466975,0.06415553471386781,-2.3475000000000077,2.35384722562863,0.17149335799009127,0.06859734319603673,2.3475000000000086,2.3547551501861745,0.02936409067415695,0.011745636269662841,0.0019184446803889828,0.0007673778721555981,0.1,0,0.0,0.0
1762438843.5908175,101.381516906,2,-0.16052503681121877,0.0642100147244874,-2.349166666666674,2.3555201636182135,0.1633185608628989,0.06532742434515947,2.3491666666666746,2.3557429088233963,0.020845472374316512,0.00833818894972659,0.0019184514520232108,0.0007673805808092836,0.1,0,0.0,0.0
1762438843.6931615,101.483799007,2,-0.1616684029753821,0.06466736119015237,-2.3508333333333407,2.3572729797872487,0.16424775120523627,0.06569910048209404,2.35083333333334,2.357479810452526,0.020744129830577305,0.008297651932230858,0.0018909524886825612,0.0007563809954730188,0.1,0,0.0,0.0
1762438843.792205,101.582354394,2,-0.1635436648662969,0.06541746594651904,-2.3525000000000076,2.3590850398340453,0.1659690986157968,0.06638763944631886,2.352500000000008,2.3592815241862577,0.020680936568709903,0.00827237462748397,0.001832687146729887,0.0007330748586919558,0.1,0,0.0,0.0
1762438843.8906,101.681304867,2,-0.1646644218129838,0.06586576872519312,-2.354166666666674,2.3608374289106067,0.16726266681343765,0.06690506672537475,2.3541666666666745,2.3610492968397656,0.0209302447478136,0.008372097899125392,0.0018051951582336338,0.0007220780632934492,0.1,0,0.0,0.0
1762438843.990343,101.781086401,2,-0.16462813532692788,0.06585125413077053,-2.355833333333341,2.3624964560939126,0.16751009849136117,0.06700403939654392,2.355833333333341,2.3627314423853845,0.02133009502825028,0.008532038011300052,0.0018442675301655216,0.0007377070120662039,0.1,0,0.0,0.0
1762438844.0904078,101.881123289,2,-0.16549219501335966,0.06619687800534374,-2.3575000000000075,2.36422840336293,0.16817028971844677,0.06726811588737852,2.357500000000008,2.3644476090112594,0.021259146322170203,0.008503658528868058,0.001853241914745224,0.0007412967658980876,0.1,0,0.0,0.0
1762438844.1911626,101.981814051,2,-0.16650789748209815,0.0666031589928392,-2.359166666666674,2.3659729968498966,0.1691723742982912,0.0676689497193164,2.3591666666666735,2.3661922449566477,0.02138509970433936,0.008554039881735732,0.0018642553204604561,0.0007457021281841816,0.1,0,0.0,0.0
1762438844.291574,102.082201503,2,-0.1681164257420611,0.06724657029682418,-2.360833333333341,2.3677667244892993,0.17064645126237804,0.06825858050495102,2.3608333333333404,2.3679766622411647,0.02135283540302963,0.008541134161211827,0.0018418004544242198,0.0007367201817696858,0.1,0,0.0,0.0
1762438844.3910851,102.181699369,2,-0.16917678229370958,0.06767071291748405,-2.3625000000000074,2.369516060096249,0.1719032014962789,0.06876128059851164,2.362500000000007,2.369743672719531,0.021635949771189506,0.008654379908475802,0.001833275401630995,0.000733310160652398,0.1,0,0.0,0.0
1762438844.4922361,102.282861445,2,-0.17045290729732399,0.06818116291892995,-2.3641666666666743,2.371283806793464,0.1730294125375246,0.06921176501501032,2.364166666666674,2.3715002580217837,0.02152385745121796,0.008609542980487233,0.0017857688276662388,0.0007143075310664993,0.1,0,0.0,0.0
1762438844.5916984,102.382268397,2,-0.1715509132972346,0.06862036531889293,-2.365833333333341,2.373037258767919,0.17416879181455686,0.06966751672582186,2.365833333333341,2.373258454538829,0.02163225876817811,0.008652903507271133,0.0017768786330157034,0.0007107514532062724,0.1,0,0.0,0.0
1762438844.6910172,102.48167188,2,-0.17276326051360114,0.0691053042054402,-2.3675000000000073,2.374800820543199,0.17524940149492724,0.07009976059797061,2.3675000000000073,2.3750121218975404,0.021506884336475802,0.008602753734590289,0.0017276326051360116,0.0006910530420544021,0.1,0,0.0,0.0
1762438844.7918017,102.582444692,2,-0.1734500751714836,0.06938003006859406,-2.369166666666674,2.376520399995294,0.17595436677897627,0.07038174671159099,2.369166666666674,2.376733940495495,0.0044211510141544605,0.0017684604056617933,0.0,0.0,0.0,0,0.0,0.0
1762438844.8910491,102.681674661,2,-0.17313543504085693,0.06925417401634365,-2.3708333333333407,2.3781553174529946,0.17596934708800552,0.07038773883520304,2.370833333333341,2.3783965900028936,0.0047763517476261735,0.0019105406990504903,0.0,0.0,0.0,0,0.0,0.0
1762438844.99117,102.781814405,2,-0.17411569662495996,0.06964627864998502,-2.3725000000000076,2.379899815105884,0.17680583310526396,0.0707223332421065,2.3725000000000076,2.3801298706245615,0.004620837778659135,0.0018483351114636766,0.0,0.0,0.0,0,0.0,0.0
1762438845.091754,102.88206389,2,-0.17431802327337653,0.06972720930935078,-2.374166666666674,2.3815784719524054,0.17701877610907057,0.07080751044362854,2.374166666666674,2.381809545648334,0.004626467054205484,0.0018505868216822025,0.0,0.0,0.0,0,0.0,0.0
1762438845.1911364,102.98177563,2,-0.1744667312680983,0.06978669250723923,-2.3758333333333406,2.3832525780009735,0.17733653861081375,0.07093461544432544,2.3758333333333406,2.38349826838043,0.004813586361146846,0.0019254345444587376,0.0,0.0,0.0,0,0.0,0.0
1762438845.2910056,103.081643481,2,-0.1743618255836208,0.06974473023344763,-2.3775000000000075,2.384905160298041,0.17721393919472525,0.07088557567788918,2.377500000000007,2.385149008989613,0.0048101229218137495,0.0019240491687254762,0.0,0.0,0.0,0,0.0,0.0
1762438845.3916392,103.18223952,2,-0.17435337567410691,0.06974135026964284,-2.379166666666674,2.3865659394460907,0.17719242605729293,0.07087697042291718,2.379166666666674,2.3868084817526127,0.004809418110554824,0.001923767244221931,0.0,0.0,0.0,0,0.0,0.0
1762438845.4910636,103.281649457,2,-0.17437249687777978,0.0697489987511114,-2.380833333333341,2.388229061795648,0.1773765183431427,0.07095060733725683,2.380833333333341,2.3884856664950305,0.0049932098698397,0.001997283947935874,0.0,0.0,0.0,0,0.0,0.0
1762438845.5910203,103.381657322,2,-0.17506074875232702,0.07002429950093098,-2.3825000000000074,2.389948936331979,0.17773451170162283,0.0710938046806493,2.382500000000008,2.3901778460428047,0.004644862775547303,0.0018579451102189238,0.0,0.0,0.0,0,0.0,0.0
1762438845.6911352,103.481771825,2,-0.17506536875097334,0.07002614750038899,-2.384166666666674,2.3916108042727475,0.17790552782605543,0.07116221113042182,2.3841666666666734,2.3918539110005264,0.004828668105758836,0.0019314672423035263,0.0,0.0,0.0,0,0.0,0.0
1762438845.7911098,103.581718687,2,-0.1753697665537035,0.07014790662148185,-2.385833333333341,2.393298138191094,0.1782194526132299,0.07128778104529238,2.385833333333341,2.393542315368709,0.004837220996801308,0.0019348883987205336,0.0,0.0,0.0,0,0.0,0.0
1762438845.890985,103.68159778,2,-0.1756318340018277,0.07025273360073164,-2.3875000000000073,2.3949818867150654,0.17831809210113772,0.07132723684045575,2.3875000000000073,2.395212133963487,0.0046601454384003075,0.0018640581753601392,0.0,0.0,0.0,0,0.0,0.0
1762438845.9915597,103.782204361,2,-0.17580277909479625,0.07032111163791832,-2.389166666666674,2.3966578890176615,0.17867255648186783,0.07146902259274716,2.3891666666666747,2.3969040583096515,0.004849657720991471,0.0019398630883965908,0.0,0.0,0.0,0,0.0,0.0
1762438846.090893,103.881530763,2,-0.17536847413817203,0.07014738965526812,-2.3908333333333407,2.398282465802311,0.17821685493187298,0.07128674197274865,2.3908333333333402,2.398526021276548,0.004837176406262162,0.0019348705625048539,0.0,0.0,0.0,0,0.0,0.0
1762438846.191365,103.981965975,2,-0.17569651438029377,0.0702786057521173,-2.392500000000007,2.3999717909991944,0.1783671800463387,0.07134687201853541,2.3925000000000067,2.4002002993634814,0.004661294129585737,0.0018645176518342923,0.0,0.0,0.0,0,0.0,0.0
1762438846.2909434,104.081585265,2,-0.17603150124551847,0.07041260049820777,-2.394166666666674,2.401661727120929,0.17870827832984665,0.07148331133193896,2.394166666666674,2.4018910342312387,0.004670201304402111,0.0018680805217608507,0.0,0.0,0.0,0,0.0,0.0
1762438846.3909643,104.181569788,2,-0.17659130810216217,0.07063652324086536,-2.3958333333333406,2.4033708348117933,0.17912204071585305,0.07164881628634147,2.39583333333334,2.403588071915941,0.004500562063909465,0.0018002248255637903,0.0,0.0,0.0,0,0.0,0.0
1762438846.4911275,104.281754878,2,-0.17696920790724802,0.0707876831628998,-2.3975000000000075,2.4050644994749986,0.17987757194546153,0.07195102877818522,2.3975000000000075,2.4053147697196033,0.004882494373155379,0.0019529977492621687,0.0,0.0,0.0,0,0.0,0.0
1762438846.5913768,104.381999036,2,-0.17693904364319923,0.07077561745728034,-2.399166666666674,2.406723355027808,0.17966844863777287,0.07186737945510976,2.399166666666674,2.406957907008373,0.004695646205495482,0.0018782584821982087,0.0,0.0,0.0,0,0.0,0.0
1762438846.690947,104.481583232,2,-0.17691958276676667,0.0707678331067079,-2.4008333333333405,2.408383133850066,0.1796517112262424,0.07186068449049807,2.40083333333334,2.40861773425474,0.0046952389022182186,0.0018780955608873155,0.0,0.0,0.0,0,0.0,0.0
1762438846.791157,104.581758833,2,-0.1768936060222015,0.07075744240888088,-2.4025000000000074,2.4100423675752713,0.17962447489300096,0.07184978995720068,2.402500000000007,2.4102766634346176,0.004694523217137338,0.0018778092868549437,0.0,0.0,0.0,0,0.0,0.0
1762438846.8915946,104.682228314,2,-0.17725374449646747,0.07090149779858748,-2.404166666666674,2.4117344948064345,0.17980518641130722,0.07192207456452353,2.4041666666666743,2.411953575627279,0.004517837819898757,0.0018071351279595187,0.0,0.0,0.0,0,0.0,0.0
1762438846.9909637,104.781593251,2,-0.1772274036635526,0.07089096146542143,-2.405833333333341,2.4133936912167124,0.17962508970066368,0.07185003588026574,2.4058333333333404,2.4135993098034687,0.00433233539450206,0.0017329341578008306,0.0,0.0,0.0,0,0.0,0.0
1762438847.091189,104.881814099,2,-0.17716633548053462,0.07086653419221364,-2.4075000000000073,2.415049942774694,0.17989878166059797,0.07195951266423876,2.4075000000000073,2.41528424685499,0.004701665661347523,0.0018806662645389975,0.0,0.0,0.0,0,0.0,0.0
1762438847.1936758,104.984287711,2,-0.17744487404429554,0.07097794961771822,-2.4091666666666742,2.416735107626474,0.18001625083267742,0.07200650033307099,2.4091666666666742,2.416955691449863,0.004523264307936557,0.0018093057231746243,0.0,0.0,0.0,0,0.0,0.0
1762438847.2954679,105.086162061,2,-0.17850202824862604,0.07140081129945017,-2.4108333333333407,2.418486801918555,0.18149373819158537,0.07259749527663388,2.410833333333341,2.4187450742966576,0.004926803861654059,0.0019707215446616165,0.0,0.0,0.0,0,0.0,0.0
1762438847.390206,105.18093546,2,-0.17726550810420028,0.07090620324168045,-2.412500000000007,2.420042768221592,0.1802388335437799,0.07209553341751229,2.412500000000007,2.420297513335089,0.004892907320040091,0.001957162928016043,0.0,0.0,0.0,0,0.0,0.0
1762438847.490248,105.280972306,2,-0.176391099140778,0.07055643965631139,-2.414166666666674,2.421630179337371,0.1792993781479129,0.07171975125916538,2.414166666666674,2.421877925117074,0.004866961332443309,0.0019467845329773292,0.0,0.0,0.0,0,0.0,0.0
1762438847.5907114,105.381410173,2,-0.1761780320160775,0.07047121280643137,-2.4158333333333406,2.4232737330404808,0.1788707867949597,0.07154831471798435,2.41583333333334,2.4235025508862393,0.004674604028571866,0.0018698416114287595,0.0,0.0,0.0,0,0.0,0.0
1762438847.6910152,105.481714542,2,-0.17611511195228235,0.07044604478091368,-2.417500000000007,2.424929984119804,0.17879223309202757,0.07151689323681187,2.4175000000000066,2.4251572276106783,0.004672412549489716,0.0018689650197959058,0.0,0.0,0.0,0,0.0,0.0
1762438847.7903166,105.581022013,2,-0.17605523152137348,0.07042209260854898,-2.419166666666674,2.426586507171042,0.1789067401399093,0.07156269605596355,2.4191666666666745,2.426828424558571,0.004855821225532067,0.0019423284902128249,0.0,0.0,0.0,0,0.0,0.0
1762438847.8914967,105.682134358,2,-0.17635414565903496,0.07054165826361351,-2.420833333333341,2.4282732420424855,0.1790347828358186,0.07161391313432681,2.420833333333341,2.428500779039878,0.0046787227990482665,0.0018714891196192913,0.0,0.0,0.0,0,0.0,0.0
1762438847.9917724,105.782431013,2,-0.17690873217087244,0.07076349286834921,-2.4225000000000074,2.429981568127888,0.17961008897349592,0.07184403558939864,2.422500000000008,2.4302114310304104,0.004693863791280332,0.0018775455165121377,0.0,0.0,0.0,0,0.0,0.0
1762438848.0916994,105.881792344,2,-0.17669754929552095,0.07067901971820936,-2.424166666666674,2.4316252950512713,0.179574032799696,0.07182961311987944,2.4241666666666735,2.4318697239685165,0.004874056778229906,0.0019496227112919887,0.0,0.0,0.0,0,0.0,0.0
1762438848.1921709,105.982806372,2,-0.1771585921883263,0.07086343687533055,-2.425833333333341,2.4333257395143546,0.1798678527223709,0.07194714108894835,2.4258333333333404,2.4335562859044324,0.004700639927662643,0.001880255971065058,0.0,0.0,0.0,0,0.0,0.0
1762438848.2910476,106.081679396,2,-0.16057221396025767,0.06422888558410257,-2.425833333333341,2.431990161729817,0.17168650934853427,0.06867460373941381,2.4258333333333417,2.4328706952491745,0.029397554227194474,0.011759021690877851,0.0019206809468165574,0.0007682723787266283,0.1,0,0.0,0.0
1762438848.3914573,106.182103781,2,-0.1613449407089158,0.06453797628356625,-2.4275000000000073,2.4337118954952692,0.16380845088241713,0.06552338035296683,2.427500000000007,2.433902786052354,0.020544244629620814,0.008217697851848336,0.0018881663023720624,0.0007552665209488257,0.1,0,0.0,0.0
1762438848.492655,106.283286685,2,-0.1617879390125898,0.06471517560503606,-2.429166666666674,2.43540840222087,0.16436853636564452,0.06574741454625774,2.4291666666666734,2.4356088423043176,0.020759431964175498,0.00830377278567019,0.0018923459687902966,0.0007569383875161177,0.1,0,0.0,0.0
1762438848.593504,106.384152166,2,-0.16285681215385317,0.06514272486154096,-2.4308333333333407,2.4371533825985967,0.1653972034852452,0.06615888139409776,2.4308333333333407,2.437351826666093,0.02085321358126643,0.008341285432506548,0.0018839103146236567,0.0007535641258494604,0.1,0,0.0,0.0
1762438848.6913197,106.481987804,2,-0.16406201445867907,0.06562480578347236,-2.4325000000000077,2.4389094304058108,0.16658805428987575,0.06663522171595081,2.432500000000007,2.4391080506212215,0.020969881756903966,0.00838795270276165,0.0018773511796954297,0.0007509404718781774,0.1,0,0.0,0.0
1762438848.7946806,106.585291672,2,-0.1655644062991577,0.06622576251966297,-2.434166666666674,2.4406894078037973,0.16810270334513105,0.06724108133805246,2.4341666666666746,2.4408906659255756,0.0210973800398645,0.008438952015945826,0.0018542789744184995,0.0007417115897674023,0.1,0,0.0,0.0
1762438848.8919208,106.682553125,2,-0.16667073448159098,0.0666682937926367,-2.4358333333333406,2.4424389087360336,0.16921581241979478,0.06768632496791843,2.435833333333341,2.4426419012082734,0.021205373932133117,0.00848214957285331,0.0018464124519284308,0.0007385649807713781,0.1,0,0.0,0.0
1762438848.992162,106.782785511,2,-0.16743620463687403,0.06697448185474947,-2.4375000000000075,2.4441617609812467,0.16998868620866134,0.06799547448346427,2.437500000000008,2.444366132147395,0.021302154106086626,0.008520861642434598,0.0018548449844425525,0.000741937993777016,0.1,0,0.0,0.0
1762438849.091808,106.88242847,2,-0.16846385205465442,0.06738554082186152,-2.439166666666674,2.445905743960458,0.17102680282247418,0.06841072112898912,2.439166666666674,2.4461120624016557,0.021400522998937403,0.008560209199574906,0.001845872342044631,0.0007383489368178476,0.1,0,0.0,0.0
1762438849.1911702,106.981821935,2,-0.16916766509735837,0.0676670660389446,-2.4408333333333405,2.4476241320619385,0.17172690177660654,0.06869076071064356,2.440833333333341,2.447830858231824,0.021456475089943135,0.008582590035977354,0.0018331107731824217,0.0007332443092729775,0.1,0,0.0,0.0
1762438849.2908487,107.081502719,2,-0.1701689740072183,0.06806758960288785,-2.4425000000000074,2.4493666378206944,0.17273907186787335,0.06909562874715032,2.442500000000008,2.449575318879127,0.02158302502248861,0.008633210008995565,0.0018439319480554016,0.0007375727792221701,0.1,0,0.0,0.0
1762438849.3911421,107.181777906,2,-0.17108700741104776,0.06843480296441876,-2.4441666666666744,2.4511027683077935,0.17350599666339284,0.06940239866535686,2.4441666666666744,2.4513000057649297,0.02148803783221798,0.008595215132887177,0.0018333243931454813,0.0007333297572581918,0.1,0,0.0,0.0
1762438849.4911394,107.28176399,2,-0.1719058695985618,0.06876234783942413,-2.445833333333341,2.4528311362438524,0.17450847551856283,0.0698033902074246,2.4458333333333413,2.4530443158974413,0.021739793161160596,0.008695917264464172,0.0018215757761554697,0.0007286303104621827,0.1,0,0.0,0.0
1762438849.5960736,107.386690821,2,-0.17260016165791114,0.0690400646631634,-2.4475000000000073,2.454549570966752,0.1752198055071399,0.07008792220285488,2.447500000000007,2.4547648659455565,0.02179592090057886,0.008718368360231427,0.0018083207344247601,0.0007233282937698951,0.1,0,0.0,0.0
1762438849.691758,107.482379611,2,-0.1731948689968208,0.06927794759872762,-2.4491666666666743,2.4562600142862454,0.17582718194883468,0.07033087277953294,2.4491666666666747,2.4564769469077357,0.02183874630805742,0.008735498523222855,0.001793858179061331,0.0007175432716245237,0.1,0,0.0,0.0
1762438849.7913656,107.582001683,2,-0.17372991881515265,0.06949196752606182,-2.4508333333333407,2.4579656722623238,0.1763751469333058,0.07055005877332263,2.4508333333333407,2.458184193876952,0.02187388445179588,0.008749553780718424,0.0017786799084579272,0.000711471963383178,0.1,0,0.0,0.0
1762438849.8927214,107.683043068,2,-0.17388980096611206,0.06955592038644484,-2.4525000000000072,2.459640611744097,0.17670015949784001,0.07068006379913629,2.452500000000007,2.459872937325269,0.022076278372629866,0.00883051134905196,0.0017803059648479264,0.0007121223859391714,0.1,0,0.0,0.0
1762438849.9908729,107.781515066,2,-0.17408822430218773,0.06963528972087446,-2.454166666666674,2.4613187138590997,0.17689263155406357,0.07075705262162502,2.4541666666666737,2.4615506477364293,0.02210097568694195,0.008840390274776727,0.001782321640086213,0.0007129286560344813,0.1,0,0.0,0.0
1762438850.0924437,107.883082452,2,-0.17461483950201817,0.06984593580080617,-2.455833333333341,2.46302378348918,0.1772559947102516,0.0709023978841001,2.4558333333333406,2.463242618744159,0.02191901133601686,0.008767604534406625,0.0017461483950201818,0.0006984593580080618,0.1,0,0.0,0.0
1762438850.1911209,107.981730594,2,-0.17543677365482147,0.07017470946192658,-2.4575000000000076,2.464753294226121,0.17775408464497575,0.07110163385798865,2.4575000000000076,2.4649458831676783,0.0042867415326015915,0.0017146966130405998,0.0,0.0,0.0,0,0.0,0.0
1762438850.2909434,108.081577981,2,-0.17554847290874864,0.07021938916349847,-2.459166666666674,2.4664242788700346,0.1782115029792204,0.07128460119168727,2.459166666666674,2.466645805259777,0.004657150375259908,0.0018628601501039423,0.0,0.0,0.0,0,0.0,0.0
1762438850.391697,108.182099668,2,-0.17584931881118848,0.07033972752447303,-2.460833333333341,2.4681108878328497,0.1785356515344853,0.07141426061379173,2.460833333333341,2.4683345944041584,0.004665796565355043,0.0018663186261419567,0.0,0.0,0.0,0,0.0,0.0
1762438850.4913325,108.281958882,2,-0.1760280342252294,0.0704112136900901,-2.4625000000000075,2.4697874114681504,0.17890662177429256,0.07156264870971518,2.462500000000007,2.4700273362870044,0.00485603675150658,0.0019424147006025787,0.0,0.0,0.0,0,0.0,0.0
1762438850.5909884,108.381645433,2,-0.17675965526966397,0.07070386210786508,-2.464166666666674,2.4715097355582407,0.1794877394307785,0.07179509577231094,2.4641666666666735,2.4717377986942854,0.0046909156073665125,0.0018763662429465942,0.0,0.0,0.0,0,0.0,0.0
1762438850.690909,108.48154447,2,-0.1767045393735298,0.07068181574941186,-2.465833333333341,2.473166885006077,0.17944069718983208,0.07177627887593302,2.4658333333333404,2.4733954042560726,0.004689806043232014,0.0018759224172928094,0.0,0.0,0.0,0,0.0,0.0
1762438850.7914371,108.58202564,2,-0.17664597249230152,0.07065838899692091,-2.4675000000000074,2.474823762924024,0.17955640367241085,0.07182256146896411,2.467500000000008,2.4750667127242796,0.004873870913198687,0.0019495483652794648,0.0,0.0,0.0,0,0.0,0.0
1762438850.8909328,108.681549361,2,-0.1765730827756613,0.07062923311026535,-2.4691666666666743,2.47647947092409,0.1794863507735444,0.07179454030941856,2.4691666666666743,2.4767223974256902,0.00487201992298162,0.0019488079691926709,0.0,0.0,0.0,0,0.0,0.0
1762438850.990885,108.781544179,2,-0.1768472665162557,0.07073890660650416,-2.4708333333333408,2.478163898876203,0.17958686982400868,0.07183474792960512,2.470833333333341,2.478392429768628,0.004693613443345828,0.0018774453773383727,0.0,0.0,0.0,0,0.0,0.0
1762438851.0915117,108.882160292,2,-0.17681045452366018,0.07072418180946471,-2.4725000000000077,2.479822593800113,0.17936700598275973,0.07174680239310444,2.4725000000000072,2.480035559521051,0.004506934319122828,0.0018027737276491466,0.0,0.0,0.0,0,0.0,0.0
1762438851.1909573,108.981603659,2,-0.17679315275135643,0.07071726110054175,-2.474166666666674,2.481482912357409,0.1795252241635997,0.07181008966543953,2.4741666666666737,2.4817104362784206,0.0046919460103808765,0.001876778404152343,0.0,0.0,0.0,0,0.0,0.0
1762438851.2909336,109.081568605,2,-0.1767624791983673,0.07070499167934524,-2.4758333333333407,2.4831421353489236,0.17967355928886375,0.07186942371554407,2.4758333333333407,2.483384484210452,0.0048770092538471645,0.0019508037015388317,0.0,0.0,0.0,0,0.0,0.0
1762438851.391773,109.182362518,2,-0.1769929851839347,0.0707971940735727,-2.4775000000000076,2.484822933227446,0.17974564104366494,0.0718982564174649,2.4775000000000076,2.4850521332056807,0.004697844947309622,0.0018791379789238239,0.0,0.0,0.0,0,0.0,0.0
1762438851.4926987,109.283315197,2,-0.17722335665845623,0.07088934266338089,-2.479166666666674,2.486503725748201,0.17979243681166876,0.07191697472466595,2.479166666666674,2.486717662441672,0.004517685914096021,0.0018070743656383665,0.0,0.0,0.0,0,0.0,0.0
1762438851.5908957,109.381534111,2,-0.1771103160913965,0.07084412643655781,-2.480833333333341,2.488156141019765,0.17969016060108783,0.07187606424043425,2.4808333333333406,2.4883707019263337,0.004515200835304775,0.001806080334121886,0.0,0.0,0.0,0,0.0,0.0
1762438851.692303,109.482900491,2,-0.1772555155817388,0.07090220623269572,-2.4825000000000075,2.489829891910861,0.18001420998037937,0.07200568399215211,2.482500000000007,2.490059474053195,0.004704911604087824,0.001881964641635142,0.0,0.0,0.0,0,0.0,0.0
1762438851.7919743,109.582614499,2,-0.1774174485595097,0.07096697942380412,-2.484166666666674,2.491505025280848,0.18000556503788015,0.07200222601515248,2.484166666666674,2.4917203598665636,0.0045231639455644915,0.0018092655782258086,0.0,0.0,0.0,0,0.0,0.0
1762438851.8914404,109.681751221,2,-0.17684451639576615,0.07073780655830678,-2.485833333333341,2.4931195682050795,0.1797860744076335,0.07191442976305353,2.485833333333341,2.4933636074327787,0.004880353811581935,0.0019521415246327729,0.0,0.0,0.0,0,0.0,0.0
1762438851.9909034,109.781519665,2,-0.1770404950226201,0.07081619800904868,-2.4875000000000074,2.4947974909355564,0.179613217636826,0.07184528705473119,2.487500000000007,2.4950108022254867,0.004513226762437384,0.0018052907049749742,0.0,0.0,0.0,0,0.0,0.0
1762438852.090944,109.881556281,2,-0.17656636921133106,0.07062654768453344,-2.4891666666666743,2.496420334482715,0.17948779333647397,0.07179511733459007,2.489166666666674,2.4966619917951176,0.004872135174115981,0.001948854069646401,0.0,0.0,0.0,0,0.0,0.0
1762438852.1908994,109.981524302,2,-0.1768107517271149,0.07072430069084615,-2.490833333333341,2.498102212296166,0.17972844033881066,0.07189137613552476,2.490833333333341,2.4983437266864947,0.004878571087971865,0.0019514284351887642,0.0,0.0,0.0,0,0.0,0.0
1762438852.291141,110.08176816,2,-0.17706651046289146,0.07082660418515671,-2.4925000000000073,2.4997850321553536,0.17963835066537034,0.07185534026614834,2.492500000000007,2.499997875390012,0.0045138309689279985,0.0018055323875712055,0.0,0.0,0.0,0,0.0,0.0
1762438852.390972,110.181607658,2,-0.17727361332810254,0.0709094453312408,-2.494166666666674,2.5014638603287342,0.17985136732376986,0.07194054692950765,2.4941666666666737,2.501677300878731,0.004519212019282913,0.0018076848077131615,0.0,0.0,0.0,0,0.0,0.0
1762438852.4910362,110.281665094,2,-0.17709473926185293,0.07083789570474039,-2.4958333333333407,2.5031109807437453,0.18002414194341074,0.072009656777364,2.495833333333341,2.503353373003794,0.004886665527695433,0.0019546662110781696,0.0,0.0,0.0,0,0.0,0.0
1762438852.5925767,110.383180853,2,-0.1609474064641656,0.06437896258566683,-2.4958333333333407,2.5018458678042026,0.17205587109874626,0.06882234843949826,2.4958333333333416,2.502703291683234,0.02926466737117682,0.011705866948470723,0.0019058750274945325,0.0007623500109978143,0.1,0,0.0,0.0
1762438852.6909328,110.481572668,2,-0.16108126579609916,0.06443250631844039,-2.4975000000000076,2.503518518417826,0.16358830298780055,0.065435321195121,2.4975000000000076,2.503707084332026,0.02052147212457636,0.00820858884983065,0.0018860611319880493,0.0007544244527952294,0.1,0,0.0,0.0
1762438852.7908792,110.581512401,2,-0.16135742293544286,0.06454296917417851,-2.499166666666674,2.5052017963796853,0.16412173056200077,0.06564869222480157,2.4991666666666745,2.5054100903866634,0.020879725867157313,0.00835189034686311,0.0018878230326703136,0.0007551292130681426,0.1,0,0.0,0.0
1762438852.8908846,110.681508496,2,-0.1543185728308325,0.050077861215865244,-2.496666666666674,2.5019325447639433,0.1584572881450124,0.06079457228248105,2.4985608357612654,2.504318458620092,0.04397181939954595,0.016247314066086274,0.005927694254646878,0.002108628133125956,0.2,0,0.0,0.0
1762438852.9917986,110.782390679,2,-0.14702801559064316,0.03581347555972278,-2.494166666666674,2.498753129765191,0.14966074707596938,0.036782628748596224,2.4941666666666737,2.4989235006506583,0.0189868522929716,0.004682206938253002,0.0016857984574043788,0.0004154766142230309,0.1,0,0.0,0.0
1762438853.0914266,110.88205841,2,-0.14086405604973073,0.022539607463226835,-2.4916666666666742,2.495747081330397,0.1444020297545823,0.03259385196806084,2.4935608362218535,2.497951150307545,0.04006009215887804,0.00846980128779608,0.005373711616174785,0.0010521790915027443,0.2,0,0.0,0.0
1762438853.1912353,110.981845319,2,-0.13461741784261783,0.010025476570779707,-2.489166666666674,2.492824312664566,0.13692461166488562,0.010635599921003712,2.4891666666666734,2.492952498486431,0.01719226467836981,0.0013489202490436281,0.001510823437682691,0.00011813430813840302,0.1,0,0.0,0.0
1762438853.2908895,111.081512113,2,-0.1291491689241724,-0.0013659866172166801,-2.486666666666674,2.4900185711886547,0.1322666463544096,0.008185774045332331,2.488485097566012,2.4920111463319516,0.03662391268829797,0.0017297150382638096,0.004887649906393243,0.00016610588366287602,0.2,0,0.0,0.0
1762438853.3931518,111.183773525,2,-0.12452220684151616,-0.01165334938589907,-2.4841666666666744,2.4873129293127567,0.1265187742518246,0.011410152073156756,2.484166666666675,2.487412555163766,0.01569218693762457,0.001414548844991257,0.0013514980692462687,0.00012240201332287768,0.1,0,0.0,0.0
1762438853.4910643,111.281666782,2,-0.11988135483579043,-0.020965363936137016,-2.481666666666674,2.4846489752411145,0.12227342620343998,0.014866542838308804,2.4834850980674847,2.486537761059493,0.033780564645982496,0.004244824050614039,0.004461483081098499,0.0006290063892856731,0.2,0,0.0,0.0
1762438853.5910144,111.38163341,2,-0.11647308335249917,-0.02927383406460976,-2.479166666666674,2.482073789720529,0.11832573922208835,0.029332638159530217,2.479166666666674,2.4821621110102776,0.014602881197344174,0.003635460593358154,0.001221303548900523,0.00030482170491238653,0.1,0,0.0,0.0
1762438853.6927059,111.48331572,2,-0.11339018968152281,-0.03672158700244546,-2.476666666666674,2.4795329374391875,0.11472767478964847,0.03130152211166316,2.478531984918609,2.481383288594031,0.03118461356443371,0.008764723118549868,0.0040271173281256414,0.001188910817845015,0.2,0,0.0,0.0
1762438853.79224,111.582860098,2,-0.10994522044969113,-0.04324368078697308,-2.474166666666674,2.476985801709856,0.11169081223003043,0.04356463582612225,2.4741666666666737,2.477069520517288,0.013715337096757565,0.005377397550533726,0.0011127615858917306,0.0004372054782065086,0.1,0,0.0,0.0
1762438853.890696,111.681343151,2,-0.1075032640017426,-0.0491194014533026,-2.4716666666666742,2.474491014023148,0.10868501768154369,0.04492023546234029,2.47345263879243,2.476246800497007,0.018773474341766645,0.007503672508333484,0.0016185753103926386,0.0006498329739864842,0.1,0,0.0,0.0
1762438853.9907682,111.781455964,2,-0.10506119979195905,-0.0542386360180061,-2.469166666666674,2.47199589666258,0.10684313208732539,0.05481669568584108,2.469166666666674,2.472085021348974,0.0027937836358574012,0.001430280718932985,0.0,0.0,0.0,0,0.0,0.0
1762438854.0911963,111.881822997,2,-0.1031398166184605,-0.058827675715916405,-2.4666666666666743,2.4695228206369566,0.10378673777685818,0.05516845604754241,2.468541904028465,2.4713385800868144,0.017930918639045144,0.009365184921730154,0.001482328075009965,0.0007772633353265901,0.1,0,0.0,0.0
1762438854.1904693,111.981157158,2,-0.10100237009003976,-0.06267033419109685,-2.464166666666674,2.467031903049204,0.10270214686978893,0.0634392530626731,2.4641666666666735,2.467121730055483,0.002685402832505856,0.0016561924294334939,0.0,0.0,0.0,0,0.0,0.0
1762438854.2902465,112.080973458,2,-0.09880036310644957,-0.06583093469819282,-2.461666666666674,2.464527946989244,0.09961071581157635,0.06316525582810925,2.4635051488608837,2.4663271807917964,0.017543050800913954,0.010996402563414942,0.0014156533796094647,0.0008904252773746739,0.1,0,0.0,0.0
1762438854.3908463,112.181487034,2,-0.09719971684842488,-0.06869586105649847,-2.459166666666674,2.462045409964282,0.09887299149703323,0.06965232559468519,2.459166666666674,2.462138909434803,0.0026844754987990784,0.001889059231533311,0.0,0.0,0.0,0,0.0,0.0
1762438854.4912217,112.281848385,2,-0.09621857780959164,-0.07141206516400891,-2.456666666666674,2.4595871216279037,0.0964947096125094,0.0692086632132636,2.458485100605458,2.4613512666716226,0.016758726597037865,0.011922331199162663,0.0013495158157023175,0.0009623482217303152,0.1,0,0.0,0.0
1762438854.5909462,112.381595961,2,-0.09551846091687377,-0.07388753170556406,-2.454166666666674,2.457135969273024,0.09715533277560373,0.07497430774943087,2.4541666666666737,2.4572330645030513,0.0026377416339909655,0.002033909190878673,0.0,0.0,0.0,0,0.0,0.0
1762438854.694067,112.484672949,2,-0.09470766349576909,-0.0759201127305178,-2.4516666666666738,2.4546696008803957,0.09461793486705136,0.07391923550517326,2.4535608399741347,2.4564969778997807,0.016360200698981836,0.012721843428983162,0.0012684408138335628,0.0009883685090774747,0.1,0,0.0,0.0
1762438854.7908218,112.581465872,2,-0.09377168871544939,-0.07752507505972134,-2.4491666666666743,2.4521869072276505,0.0952805536290454,0.07864003964320064,2.4491666666666747,2.452280571395959,0.0024907268313988412,0.0020545289878300997,0.0,0.0,0.0,0,0.0,0.0
1762438854.8919356,112.682610905,2,-0.09315726957234283,-0.07906777171930429,-2.4466666666666743,2.4497158543750834,0.09312494094987757,0.0776113259853851,2.4484746145374308,2.4514737833765117,0.01592718918840831,0.013226812234017239,0.0012143353671125489,0.0010101636443121177,0.1,0,0.0,0.0
1762438854.9908574,112.781489013,2,-0.09243612389552602,-0.0802597705224341,-2.444166666666674,2.447230426872309,0.0939110640749814,0.08143879516997737,2.4441666666666744,2.44732553203674,0.0024548215065504004,0.002127877437295923,0.0,0.0,0.0,0,0.0,0.0
1762438855.091076,112.881697928,2,-0.09167548754033739,-0.08117472885121846,-2.441666666666674,2.444735127315631,0.09148539999947046,0.07988925180839483,2.4435325804678065,2.4465492725010107,0.015810379528770884,0.01377574900522595,0.0011812193198270386,0.0010306063752409818,0.1,0,0.0,0.0
1762438855.193482,112.984128714,2,-0.09122637060286554,-0.08213333229623179,-2.439166666666674,2.4422535009178037,0.0927518242717935,0.08342657645931185,2.439166666666674,2.4423547904314153,0.0025178556864459104,0.002263985175788041,0.0,0.0,0.0,0,0.0,0.0
1762438855.2911508,113.081789907,2,-0.0908287695574801,-0.08295519874372104,-2.436666666666674,2.4397696356054634,0.09064367183343094,0.08195538411292741,2.438495276670631,2.4415552778041953,0.015614472487706917,0.014094946424187998,0.0011485123470038555,0.0010378653409339618,0.1,0,0.0,0.0
1762438855.3913178,113.181949579,2,-0.09035031462521292,-0.08354639516646944,-2.434166666666674,2.437275228735839,0.09184496784436791,0.08486911814700143,2.4341666666666746,2.437376792054222,0.0024931040557214256,0.002303208374406879,0.0,0.0,0.0,0,0.0,0.0
1762438855.4923656,113.282996299,2,-0.09013577399166461,-0.08423336888544894,-2.431666666666674,2.4347941383132747,0.08958045588866685,0.08307508111286643,2.4335698851659817,2.4366346696142,0.015437503197075647,0.014301734549027325,0.0011261023183176291,0.0010440737973749174,0.1,0,0.0,0.0
1762438855.591089,113.381719409,2,-0.09010911091573082,-0.08497492889898808,-2.4291666666666742,2.4323221589369886,0.09159656651456448,0.08633243276979814,2.4291666666666747,2.4324255208309444,0.002486317000410904,0.0023430171642648302,0.0,0.0,0.0,0,0.0,0.0
1762438855.6912498,113.481889928,2,-0.08989704200523807,-0.08544711809520897,-2.426666666666674,2.429834109412248,0.08958951524012496,0.08468218860013453,2.4284952777074666,2.431622229737698,0.015361333166855692,0.014508648083856875,0.0010936788038867595,0.0010336648302780751,0.1,0,0.0,0.0
1762438855.7907813,113.581474816,2,-0.0898717129095985,-0.08600402804545038,-2.424166666666674,2.427356101893408,0.09126937111132111,0.08730932929339733,2.4241666666666735,2.4274548491913355,0.0023854268955656945,0.002281635179952998,0.0,0.0,0.0,0,0.0,0.0
1762438855.8913598,113.681999261,2,-0.08969368937918976,-0.08634176339921103,-2.4216666666666744,2.4248648008633014,0.08918326366291869,0.08549212140439412,2.423522973853975,2.4266697678377684,0.015167176214416244,0.014532176889213816,0.001059157947475728,0.0010153477941786107,0.1,0,0.0,0.0
1762438855.9910789,113.781699381,2,-0.08951977519220478,-0.08661575310077341,-2.419166666666674,2.4223714496226263,0.09090962636079862,0.08793631724779208,2.4191666666666745,2.4224707876808984,0.002376010198069222,0.0022980806131084972,0.0,0.0,0.0,0,0.0,0.0
1762438856.0905743,113.881229059,2,-0.08936845519180903,-0.0868523353573697,-2.416666666666674,2.419877647055366,0.08871480271057655,0.08594335686062249,2.4185608433591943,2.4217128504095577,0.015065289412572624,0.014590096132400676,0.0010337818322701678,0.0010015836861383628,0.1,0,0.0,0.0
1762438856.1906767,113.981311006,2,-0.08892650520407575,-0.08675811635450563,-2.414166666666674,2.417361286304898,0.09038644987915816,0.0881634156766955,2.414166666666674,2.417466275386281,0.0024534180161306634,0.0023929038763707442,0.0,0.0,0.0,0,0.0,0.0
1762438856.2906845,114.081340242,2,-0.08874567309375436,-0.08686837488669821,-2.411666666666674,2.414861904987419,0.08835321098542803,0.08628240812282748,2.4135051539758527,2.4166625896287046,0.015162853650757193,0.014803540216484966,0.0010373014858952913,0.0010130453308407577,0.1,0,0.0,0.0
1762438856.390506,114.181184596,2,-0.08863349195986459,-0.08700564586383369,-2.4091666666666742,2.4123660389930457,0.09006914093720927,0.08840119178475525,2.4091666666666742,2.412469947716644,0.002444628117628803,0.0023992323880262408,0.0,0.0,0.0,0,0.0,0.0
1762438856.4906504,114.281324809,2,-0.08856792205967601,-0.08715451548719466,-2.406666666666674,2.4098723266663433,0.08809841547357349,0.08654247427526623,2.4085051544990295,2.4116691335900606,0.01512013409477313,0.014850066658622436,0.0010346051478446463,0.0010163633558589547,0.1,0,0.0,0.0
1762438856.5906053,114.381257783,2,-0.08852518989889013,-0.08729689785502205,-2.4041666666666743,2.407379242814246,0.08995247270428779,0.08869432135981106,2.4041666666666743,2.4074832275839935,0.00244139310439271,0.002407154438001742,0.0,0.0,0.0,0,0.0,0.0
1762438856.691162,114.481852004,2,-0.0886382451231853,-0.08756765241989624,-2.401666666666674,2.404896590297941,0.08798824729621876,0.08681219346552078,2.403532584497866,2.406708784489629,0.015014089644708755,0.014811275313914928,0.0010245951893012525,0.0010109271384299936,0.1,0,0.0,0.0
1762438856.7908227,114.581529743,2,-0.08840695374364138,-0.08747899852042984,-2.399166666666674,2.4023881990837466,0.0898372632336657,0.08888676885152576,2.399166666666674,2.4024929315164822,0.002438314502958292,0.002412448379660395,0.0,0.0,0.0,0,0.0,0.0
1762438856.8903062,114.681017937,2,-0.0883670974176809,-0.08756004297736453,-2.396666666666674,2.3998930426465614,0.08788065181816111,0.08699322411539567,2.3985051555519297,2.401690615215699,0.015082321707846482,0.014928260936751338,0.0010320462039091684,0.001021636602115601,0.1,0,0.0,0.0
1762438856.990461,114.781129345,2,-0.08835236141724145,-0.08764997708203641,-2.394166666666674,2.397399150335275,0.08977553576790932,0.08905624047076524,2.394166666666674,2.3975038453706423,0.002436584593327676,0.0024170114755333715,0.0,0.0,0.0,0,0.0,0.0
1762438857.090345,114.881026429,2,-0.08834733503111458,-0.08773576347677546,-2.391666666666674,2.3949054804406025,0.08783861156521325,0.08716665964973754,2.393505156081679,2.396702021617577,0.015075685315243477,0.014959015918359474,0.0010316714007175623,0.0010237864615522125,0.1,0,0.0,0.0
1762438857.1904407,114.981123198,2,-0.08834793122479123,-0.08781523339773288,-2.3891666666666738,2.39241180261249,0.08976855749234983,0.08922311050384933,2.3891666666666738,2.3925167749617526,0.0024363727638442275,0.0024215310110808153,0.0,0.0,0.0,0,0.0,0.0
1762438857.2902296,115.080934208,2,-0.0883465503739238,-0.08788246713439116,-2.3866666666666743,2.3899176175697803,0.08783519640183779,0.08732549069807236,2.3885051566136424,2.391714373879659,0.015075167007745414,0.014986662472514609,0.0010316481940022357,0.0010256660282278575,0.1,0,0.0,0.0
1762438857.390494,115.181161202,2,-0.08834363032326653,-0.08793927982307582,-2.3841666666666743,2.3874230057530603,0.08976561802388441,0.08935160202993855,2.3841666666666748,2.387528485570174,0.0024363018578205235,0.0024250365181448007,0.0,0.0,0.0,0,0.0,0.0
1762438857.490415,115.281129847,2,-0.0883345639335884,-0.08798226456419664,-2.381666666666674,2.384927668751052,0.08782868158338059,0.0874417684420092,2.383505157147841,2.386725114948786,0.015073907502068263,0.015006723669080324,0.0010315457460767417,0.0010270045668118767,0.1,0,0.0,0.0
1762438857.590408,115.381120565,2,-0.08832204645862696,-0.08801510731511016,-2.379166666666674,2.3824318396932456,0.0897455554157916,0.08943127491978897,2.379166666666674,2.3825377741871123,0.0024357757544694893,0.002427224163956943,0.0,0.0,0.0,0,0.0,0.0
1762438857.6904,115.481111612,2,-0.0883104366195866,-0.08804300906935152,-2.376666666666674,2.379935870797028,0.0878060354968178,0.08751233349190424,2.378505157684288,2.3817336319399,0.015069835819742616,0.015018837542481792,0.0010312537295682767,0.0010278066053423514,0.1,0,0.0,0.0
1762438857.7905204,115.581190821,2,-0.08846322143296437,-0.0882295746172805,-2.374166666666674,2.3774519049803278,0.08988696472342447,0.08964773236996171,2.374166666666674,2.3775583575292982,0.002439593562209991,0.0024330840690379133,0.0,0.0,0.0,0,0.0,0.0
1762438857.8909068,115.681563025,2,-0.08843146457450768,-0.08822794847297685,-2.371666666666674,2.374954120103451,0.08794073771465266,0.08771718307073544,2.3735051582229905,2.3767529559604643,0.015076764545815554,0.015038006499608375,0.0010228163164067979,0.0010202201684308932,0.1,0,0.0,0.0
1762438857.990434,115.781114158,2,-0.08839770482855691,-0.0882204439977027,-2.369166666666674,2.3724560470960445,0.0898239021955423,0.08964239482213733,2.369166666666674,2.3725629152457817,0.002437914135005253,0.0024329752529260707,0.0,0.0,0.0,0,0.0,0.0
1762438858.0907366,115.881390592,2,-0.08836686856339337,-0.08821247675615042,-2.3666666666666742,2.369958070436332,0.08787482295499065,0.087705223664322,2.3685051587639707,2.3717569179532125,0.015065015094404553,0.015035612034514203,0.001021998297831993,0.001020028836403524,0.1,0,0.0,0.0
1762438858.1906807,115.981318773,2,-0.08849888376509707,-0.08836405228237146,-2.364166666666674,2.367472129918585,0.08992822710571989,0.08979015648622306,2.364166666666674,2.3675796472368167,0.0024407513028370633,0.0024369942887911746,0.0,0.0,0.0,0,0.0,0.0
1762438858.2904823,116.081160308,2,-0.08844128750788371,-0.08832391616155136,-2.361666666666674,2.3649719702243077,0.08796698960878852,0.08783800701487336,2.3635051593072376,2.36677213622459,0.01504755796795645,0.015025266215193303,0.001002997578570485,0.0010015316906835815,0.1,0,0.0,0.0
1762438858.390895,116.181516503,2,-0.08839511238313325,-0.08829292897351904,-2.3591666666666744,2.3624725814940364,0.08982311395186829,0.0897184750756107,2.359166666666675,2.36258014841424,0.002437906583164562,0.0024350592578512797,0.0,0.0,0.0,0,0.0,0.0
1762438858.4909284,116.281481541,2,-0.08836288177219753,-0.0882739020719425,-2.356666666666674,2.3599741647822983,0.08787143890190545,0.08777367948659999,2.3585051598528084,2.361773104605442,0.015047768757818984,0.01503084688400521,0.001011932612476745,0.0010108095074355362,0.1,0,0.0,0.0
1762438858.5904753,116.381156577,2,-0.08834116964190297,-0.08826367170250096,-2.354166666666674,2.357476475479784,0.08976636200238676,0.08968700596202021,2.3541666666666745,2.3575840288800007,0.002436349504940514,0.0024341901864387357,0.0,0.0,0.0,0,0.0,0.0
1762438858.6906009,116.481262161,2,-0.08831615232546142,-0.08824865756480751,-2.351666666666674,2.354978488104448,0.08782033264094566,0.08774618593219365,2.3535051604006973,2.3567771095297756,0.015039020654451332,0.015026185674194422,0.001011359435471911,0.0010105075411838483,0.1,0,0.0,0.0
1762438858.7918935,116.582572217,2,-0.08846441749953016,-0.08840546415445863,-2.349166666666674,2.352493465885444,0.0898047315736272,0.08974445062340532,2.3491666666666746,2.35259494686368,0.0023468414578147563,0.002345262210392759,0.0,0.0,0.0,0,0.0,0.0
1762438858.8922472,116.682897952,2,-0.08087632957197322,-0.08082434037212802,-2.349166666666674,2.3519476147353786,0.08607608985017343,0.08601933410054802,2.349166666666675,2.3523164002448342,0.014412270133271132,0.014402831103612157,0.0009572982341644079,0.0009566763017608021,0.1,0,0.0,0.0
1762438858.9908726,116.781505621,2,-0.08094830218080773,-0.08090315070729431,-2.3466666666666742,2.3494557650368315,0.0832693619003047,0.08321617821923508,2.348783956342859,2.351732296100539,0.02652248260846656,0.026506041983768058,0.0030961353939509832,0.003094290734386459,0.2,0,0.0,0.0
1762438859.090137,116.880866331,2,-0.08090015520632221,-0.08086121223124756,-2.344166666666674,2.3469556305706036,0.08236443239582387,0.08232445386688969,2.3441666666666734,2.347057429322834,0.010553184267622778,0.010548041004190456,0.0009464471439496637,0.0009459860769813882,0.1,0,0.0,0.0
1762438859.1907032,116.981339808,2,-0.08126696607797435,-0.08123321926049207,-2.3416666666666743,2.344484150823962,0.08055492449042068,0.08051767194227581,2.3435147498682993,2.3462807961122087,0.022808428091365254,0.02279799660643643,0.0031219593309799974,0.0031205701015688805,0.2,0,0.0,0.0
1762438859.2905707,117.081229524,2,-0.08176556706377802,-0.08173628192180521,-2.339166666666674,2.342022015734297,0.0830978458256391,0.08306784110811885,2.339166666666674,2.3421157556046848,0.010566826447032485,0.010562993361237293,0.0009554241224513033,0.0009550776634562343,0.1,0,0.0,0.0
1762438859.3905654,117.181228025,2,-0.08231130448154644,-0.08228587192039219,-2.336666666666674,2.339563469255386,0.081434273964153,0.08140628498990282,2.338505162058423,2.3413382748304055,0.02297057698830518,0.022962761225770727,0.003157328115804398,0.003156282576424441,0.2,0,0.0,0.0
1762438859.490459,117.281120424,2,-0.08287221643102338,-0.08285011267667944,-2.334166666666674,2.33710632475387,0.08419784319892248,0.08417520226698953,2.3341666666666745,2.3372010545209525,0.010704938111496866,0.010702046155646409,0.0009679235387438959,0.0009676621424402268,0.1,0,0.0,0.0
1762438859.5907254,117.38138558,2,-0.08355386432852008,-0.08353459789472942,-2.331666666666674,2.3346581595030442,0.08264670320779863,0.08262554354111833,2.3334952880006194,2.336419850351746,0.023197616834946914,0.023191736110058984,0.0031829029323089068,0.003182117369236984,0.2,0,0.0,0.0
1762438859.6905565,117.4812217,2,-0.08405308566340786,-0.08403633339658517,-2.329166666666674,2.332197330341373,0.08531186798773246,0.08529473403284503,2.329166666666674,2.3322887187448376,0.010752409907795775,0.01075024117485174,0.0009714149092357933,0.000971219042925541,0.1,0,0.0,0.0
1762438859.7907317,117.581371207,2,-0.08450709033988169,-0.08449252234426397,-2.3266666666666738,2.3297335067401206,0.08364625767154255,0.08363026337124962,2.328495288565629,2.331497593017486,0.023473509792112296,0.02346906490502504,0.0032202020366026286,0.003219608232018388,0.2,0,0.0,0.0
1762438859.89041,117.681082924,2,-0.08492614529370535,-0.08491347231515828,-2.3241666666666743,2.327267376641443,0.08627710204804179,0.08626412301151964,2.324166666666674,2.32736673768902,0.010953094490062583,0.010951440429800095,0.0009815009172622821,0.000981352762669455,0.1,0,0.0,0.0
1762438859.9908023,117.781437487,2,-0.08531739584519737,-0.08530636625023158,-2.3216666666666743,2.3247994204377656,0.08454489108424214,0.08453277008655848,2.3235051637375506,2.3265790065549066,0.023798112457131673,0.023794735581209647,0.0032520140841196658,0.003251564720023094,0.2,0,0.0,0.0
1762438860.0904527,117.881134195,2,-0.08567021137894315,-0.08566060889618993,-2.319166666666674,2.3223288209924084,0.08703434033157006,0.08702450703105778,2.3191666666666744,2.322430250620837,0.011049303565949712,0.011048050467125635,0.0009901218334816039,0.0009900095923785666,0.1,0,0.0,0.0
1762438860.1906989,117.981344083,2,-0.08598651539740665,-0.08597815309105361,-2.316666666666674,2.319855678287685,0.08526437281469629,0.08525518657081485,2.3185051643020893,2.3216383562054115,0.023982015326413295,0.023979458645046824,0.003266786662328364,0.003266447428982827,0.2,0,0.0,0.0
1762438860.2906766,118.081340146,2,-0.08625555564348364,-0.08624827376634386,-2.314166666666674,2.3173791547172824,0.08771427244906019,0.08770680529752718,2.3141666666666745,2.3174886490332405,0.011216186754579425,0.011215228693203544,0.0009969535579553146,0.000996868446108764,0.1,0,0.0,0.0
1762438860.3907344,118.181380081,2,-0.08665390097854164,-0.08664754194953767,-2.311666666666674,2.314912411487421,0.08598427254164426,0.0859772868474983,2.313505164869067,2.316698413012367,0.024165657499487386,0.024163715429147383,0.0032829459916614645,0.0032826889953950313,0.2,0,0.0,0.0
1762438860.4924724,118.283138337,2,-0.08718499921541678,-0.08717943049085014,-2.309166666666674,2.3124558745267723,0.08841203112412566,0.0884063444776847,2.3091666666666746,2.312549040222905,0.011014071148218894,0.011013361115854325,0.0009760895050471282,0.0009760266128659259,0.1,0,0.0,0.0
1762438860.5906775,118.38133899,2,-0.08727031218453174,-0.08726547138242036,-2.306666666666674,2.3099659047257664,0.08660351952726907,0.08659821059035569,2.308485116987669,2.3117315923405846,0.02411664288710417,0.024115180500051285,0.0032635961421801037,0.0032634033262300185,0.2,0,0.0,0.0
1762438860.6908472,118.481521422,2,-0.08718798263528704,-0.0871837855831733,-2.3041666666666742,2.307463279136298,0.08859278462136069,0.08858848592119878,2.3041666666666747,2.3075702869257504,0.011215568093222066,0.011215022646815172,0.000986821812848255,0.0009867738515234137,0.1,0,0.0,0.0
1762438860.790649,118.581287633,2,-0.08745254956574655,-0.08744888792974376,-2.301666666666674,2.304986919891342,0.08669988386008003,0.08669586431093772,2.303532595185336,2.3067933283741007,0.024248312482407403,0.024247202350210145,0.0032692718268029853,0.003269126040300306,0.2,0,0.0,0.0
1762438860.8911095,118.68176129,2,-0.08755142197507926,-0.08754823515910054,-2.299166666666674,2.302498057779957,0.08887307387372186,0.08886981491598916,2.299166666666674,2.3025993199803807,0.011153165485979414,0.011152755727825274,0.0009802853329667022,0.0009802493406761692,0.1,0,0.0,0.0
1762438860.9910493,118.78169109,2,-0.0876320756364608,-0.0876293018879295,-2.2966666666666744,2.3000078375969792,0.08701479495883678,0.08701175118545681,2.2984952920073174,2.3017869638100508,0.024309068835885687,0.024308228197270933,0.003277068401238452,0.003276957995287022,0.2,0,0.0,0.0
1762438861.0904934,118.881164745,2,-0.08771781579759885,-0.08771540039862491,-2.2941666666666745,2.297518030640864,0.08912362283428404,0.08912114953409805,2.294166666666674,2.2976262302397807,0.011266185451485616,0.011265872325634198,0.0009821337719210922,0.0009821064952852598,0.1,0,0.0,0.0
1762438861.1907735,118.981419971,2,-0.08777668798186511,-0.08777458499332685,-2.2916666666666736,2.2950261950215207,0.08722633579459359,0.08722402505847747,2.2935051671617015,2.2968200660915903,0.024445197611890443,0.0244445578067288,0.003282905144860056,0.003282821449498995,0.2,0,0.0,0.0
1762438861.2907948,119.081499574,2,-0.08798382190213339,-0.08798198605816382,-2.289166666666674,2.2925457488488767,0.08931542044947997,0.08931354307706825,2.289166666666674,2.292648726055708,0.011192385440447561,0.011192149911257521,0.0009745662707990137,0.0009745457774230739,0.1,0,0.0,0.0
1762438861.3911517,119.181831678,2,-0.08801469895399894,-0.08801310078394631,-2.286666666666674,2.290051819847325,0.08743130192794324,0.0874295483116372,2.2884952931745977,2.291833079732702,0.024374852502680386,0.024374369610965133,0.0032571317455447153,0.003257068884609518,0.2,0,0.0,0.0
1762438861.4907408,119.281374653,2,-0.08804307231583142,-0.08804168088874098,-2.2841666666666742,2.2875577110245047,0.08945796977378648,0.08945654494519616,2.2841666666666742,2.287667493955519,0.011292138160566748,0.011291958163896875,0.0009752110570094424,0.0009751955255055693,0.1,0,0.0,0.0
1762438861.5915003,119.381591573,2,-0.08835256366126298,-0.08835134637630299,-2.2816666666666743,2.2850853186894,0.0877623574372882,0.08776102299573797,2.2834851199272848,2.2868555969867304,0.02433593544903295,0.02433557010468856,0.003237122809563078,0.0032370754692900563,0.2,0,0.0,0.0
1762438861.6905959,119.481252713,2,-0.08841955627317155,-0.08841849586641976,-2.279166666666674,2.2825942571528786,0.08977107797760087,0.08976999323388295,2.279166666666674,2.2826997596203817,0.011199714966787436,0.011199579776908426,0.0009476122416073318,0.0009476008162634707,0.1,0,0.0,0.0
1762438861.790471,119.581127695,2,-0.08830976786173483,-0.08830884705631081,-2.276666666666674,2.280089511111209,0.08781929068300205,0.08781827853532205,2.2784952943521244,2.2818775348922093,0.024398318409587203,0.024398041121924438,0.003213940137316704,0.00321390458041183,0.2,0,0.0,0.0
1762438861.8907716,119.681427463,2,-0.08839906654977447,-0.08839826439342097,-2.274166666666674,2.2776002010652463,0.08974626430480485,0.08974544376383037,2.274166666666674,2.277705570176015,0.01118004966420126,0.011179947627865843,0.0009367577192256435,0.0009367491808544389,0.1,0,0.0,0.0
1762438861.989825,119.780578942,2,-0.08817722376639114,-0.08817652856644853,-2.271666666666674,2.2750867604172056,0.08770015177170556,0.08769938694738891,2.273505169494668,2.276885648163014,0.024444827348949913,0.02444461725888509,0.003208217930435433,0.0032081910968304005,0.2,0,0.0,0.0
1762438862.0906591,119.881354993,2,-0.08815719876223493,-0.08815659413848176,-2.2691666666666745,2.272588972492573,0.08957864733766617,0.08957802810919471,2.2691666666666745,2.272700138225438,0.011257888230457444,0.011257810514041835,0.0009447231377608511,0.0009447166243908482,0.1,0,0.0,0.0
1762438862.1910841,119.981783529,2,-0.08817482013376221,-0.0881742938035085,-2.2666666666666737,2.270094113196891,0.08752863040113623,0.08752805198688557,2.2685419249548384,2.2719165667564294,0.02440674416848323,0.024406585431360664,0.0031939219576630003,0.0031939017409332478,0.2,0,0.0,0.0
1762438862.3722682,120.163013444,3,-0.08819057536526298,-0.08819011708496405,-2.2641666666666738,2.26759911994585,0.08961045618525339,0.08960998689115526,2.2641666666666733,2.2677104484596,0.011212484318973781,0.011212425800438453,0.0009134157536054316,0.0009134109946698461,0.1,0,0.0,0.0
1762438862.3899508,120.180688413,3,-0.08868315026839024,-0.08868274800551779,-2.2616666666666743,2.2651413735231807,0.08764573892537623,0.08764529873469486,2.2635899886578787,2.266981056536257,0.024123730355773164,0.0241236115118301,0.003123058548192801,0.003123043579286972,0.2,0,0.0,0.0
1762438862.490503,120.281189224,3,-0.08856820788410591,-0.08856785842695636,-2.2591666666666743,2.262636210435065,0.09000976678800628,0.09000940878234748,2.259166666666674,2.2627499816737133,0.011261575466135258,0.011261530832993073,0.0009173793501488192,0.0009173757207610056,0.1,0,0.0,0.0
1762438862.5903728,120.381058695,3,-0.08845544514271708,-0.08845514162648227,-2.2566666666666744,2.260131217938471,0.08801792966845627,0.0880175955980007,2.258505171271512,2.2619327712684427,0.02443163592808542,0.02443154471785818,0.0031505904560976726,0.003150579016781054,0.2,0,0.0,0.0
1762438862.6907842,120.481432832,3,-0.08853674311799686,-0.08853647866207892,-2.254166666666674,2.2576414294672587,0.08988732422340236,0.08988705370479536,2.254166666666674,2.2577481645637354,0.01114757609675476,0.011147542680015735,0.0009064615287462167,0.0009064588163130892,0.1,0,0.0,0.0
1762438862.7902815,120.58098044,3,-0.08829858981066163,-0.08829836061021651,-2.251666666666674,2.2551266082477084,0.08783204679305676,0.0878317946427289,2.2535051718690498,2.256925885410191,0.024381292401818397,0.024381223554224705,0.0031443966162751956,0.0031443879804629606,0.2,0,0.0,0.0
1762438862.890776,120.681438005,3,-0.08824685457414194,-0.08824665530099968,-2.249166666666674,2.252626394668792,0.08967665904692,0.08967645493574329,2.2491666666666745,2.252739324509638,0.011220257235665583,0.011220231786800964,0.0009140281728727545,0.0009140261033922042,0.1,0,0.0,0.0
1762438862.9906054,120.781291044,3,-0.08820296831603702,-0.08820279503297446,-2.246666666666674,2.2501267981566135,0.08771985687567015,0.08771966630923887,2.2485051724692453,2.251924737589745,0.024350675747886585,0.02435062371416022,0.0031406362078924,0.003140629680391505,0.2,0,0.0,0.0
1762438863.0908477,120.881526115,3,-0.0883476926542448,-0.08834754148139362,-2.244166666666674,2.2476420156824233,0.08968677958711517,0.08968662498506151,2.244166666666674,2.247748081283072,0.01112326173560513,0.011123242635507706,0.0009045042361816025,0.0009045026857441396,0.1,0,0.0,0.0
1762438863.1905558,120.981258638,3,-0.08816983520223776,-0.08816970400277113,-2.241666666666674,2.2451319028039314,0.08766418245586827,0.08766403825539919,2.243505173072114,2.2469280037620774,0.024335904609214157,0.024335865233600776,0.0031389724658549114,0.0031389675254395433,0.2,0,0.0,0.0
1762438863.290757,121.081389692,3,-0.08833839818397227,-0.08833828364005936,-2.239166666666674,2.2426490331885023,0.08975823040321453,0.08975811310856424,2.2391666666666734,2.24276178402992,0.01121459492946339,0.011214580334958086,0.0009044025653973053,0.0009044013906575584,0.1,0,0.0,0.0
1762438863.390444,121.181117918,3,-0.08833436510407289,-0.08833426537278155,-2.236666666666674,2.240152602006189,0.08782585412193097,0.08782574453893828,2.2385051736776793,2.241948294372063,0.024347122455642575,0.024347092591794992,0.0031220261155074282,0.003122022391000204,0.2,0,0.0,0.0
1762438863.4906454,121.281115556,3,-0.08831169239803671,-0.08831160558027795,-2.2341666666666744,2.2376547073082684,0.08973576140735141,0.08973567250263667,2.234166666666675,2.2377680157333866,0.011211481887455509,0.01121147082552666,0.000904140205597638,0.0009041393152067904,0.1,0,0.0,0.0
1762438863.5904782,121.381143913,3,-0.0882952487701063,-0.08829517317698221,-2.2316666666666745,2.2351573098269557,0.08779320678796391,0.08779312373165046,2.233505174285955,2.2369534289508155,0.024338284796582347,0.024338262161375794,0.0031207891677389903,0.00312078634475678,0.2,0,0.0,0.0
1762438863.691155,121.48181046,3,-0.08845206571848863,-0.0884519997017712,-2.2291666666666736,2.232673633104247,0.08978995021099143,0.08978988270725351,2.2291666666666736,2.2327804383712437,0.01111971784474483,0.011119709522534469,0.0008950353159144683,0.00089503464731931,0.1,0,0.0,0.0
1762438863.790516,121.581200685,3,-0.08843309459771476,-0.08843303710869932,-2.226666666666674,2.230176060026848,0.08788243499103035,0.08788237192357146,2.2284953003982766,2.2319583189594,0.024250708815226608,0.024250691707325394,0.0031029806492433054,0.0031029785198473502,0.2,0,0.0,0.0
1762438863.8904967,121.681137152,3,-0.08841074676407068,-0.08841069670205914,-2.224166666666674,2.2276782246423896,0.08983487124420175,0.08983481998162092,2.224166666666674,2.2277921716542,0.011207410596123287,0.011207404231375331,0.0008946206695547559,0.0008946201625423635,0.1,0,0.0,0.0
1762438863.9905953,121.781254996,3,-0.08838944336602683,-0.08838939976878346,-2.2216666666666742,2.225180477504657,0.08789048614299257,0.0878904382470142,2.22350517551071,2.2269765899561262,0.02433183716645628,0.02433182413915469,0.0031014669109489224,0.0031014652961431585,0.2,0,0.0,0.0
1762438864.0906994,121.881330623,3,-0.08837245674483896,-0.08837241877415825,-2.2191666666666743,2.222683079063588,0.08979655772800299,0.08979651884708308,2.2191666666666747,2.222797231197964,0.011202585297726619,0.011202580470254495,0.0008942343436514095,0.0008942339590963551,0.1,0,0.0,0.0
1762438864.1904662,121.981111872,3,-0.08835207725706429,-0.08835204418665443,-2.216666666666674,2.220185416666532,0.08785314378229896,0.08785310745332331,2.2185051761272288,2.221981449037085,0.024321479022371348,0.024321469141137968,0.003100151594273266,0.003100150369416193,0.2,0,0.0,0.0
1762438864.2905805,122.081245926,3,-0.08834157597477788,-0.08834154716507825,-2.214166666666674,2.2176885468385854,0.0897642870365986,0.08976425753775107,2.2141666666666735,2.2178028038886373,0.011198628160472728,0.011198624497768966,0.0008939205263452829,0.0008939202345715909,0.1,0,0.0,0.0
1762438864.3903573,122.181029127,3,-0.08833093755094445,-0.0883309124508791,-2.211666666666674,2.215191673211939,0.08782582475312611,0.08782579718614357,2.2135051767465304,2.2169871252735405,0.02429760108099437,0.02429759358963538,0.003087127193906891,0.003087126268267024,0.2,0,0.0,0.0
1762438864.4905818,122.281266015,3,-0.08848728085376845,-0.08848725892370823,-2.209166666666674,2.2127081495253433,0.08982473805221666,0.0898247156300201,2.209166666666674,2.212815926419391,0.011107578207674657,0.011107575449193927,0.0008848728085376845,0.0008848725892370824,0.1,0,0.0,0.0
1762438864.590915,122.381584807,3,-0.08847362497172018,-0.08847360586420494,-2.2066666666666745,2.2102110620997406,0.08779637397305194,0.08779635301793934,2.2085326062348916,2.212020044142627,0.024219605198980053,0.024219599525925187,0.003080811757385427,0.003080811055552258,0.2,0,0.0,0.0
1762438864.690492,122.481162746,3,-0.08828833366543698,-0.0882883170644666,-2.2041666666666737,2.2077002403487596,0.08971127565500872,0.08971125865730921,2.204166666666674,2.2078149644737,0.011191932668231082,0.011191930557693965,0.0008933828204360868,0.0008933826523082356,0.1,0,0.0,0.0
1762438864.7908814,122.581555885,3,-0.0882802491368384,-0.08828023467118962,-2.2016666666666738,2.20520359906572,0.08777315639222741,0.0877731405066394,2.2035051779935704,2.2069987133258437,0.024299784215291845,0.02429977989434616,0.0030974677535141187,0.0030974672178436563,0.2,0,0.0,0.0
1762438864.8906496,122.681289712,3,-0.08844604088194608,-0.08844602824018799,-2.1991666666666743,2.2027209151040825,0.08978281383546044,0.08978280091030821,2.199166666666674,2.2028290747984336,0.011102398000644767,0.01110239641050751,0.0008844604088194609,0.00088446028240188,0.1,0,0.0,0.0
1762438864.990505,122.781168929,3,-0.08860903060631475,-0.0886090195581748,-2.1966666666666743,2.2002380696407675,0.08787283036793085,0.08787281827173257,2.198522999089452,2.202032389415099,0.015373566898432695,0.015373564729571396,0.0013115772985982535,0.0013115771143082683,0.1,0,0.0,0.0
1762438865.0905643,122.881218896,3,-0.08858797990689737,-0.08858797028022258,-2.1941666666666744,2.1977404350317395,0.08992876514634773,0.08992875530337613,2.1941666666666744,2.197849340819863,0.0023500695944430076,0.002350069336580251,0.0,0.0,0.0,0,0.0,0.0
1762438865.1907375,122.981381134,3,-0.08856100359327801,-0.08856099520606686,-2.191666666666674,2.195242328082972,0.08789137668884342,0.08789136749044955,2.193532608067051,2.197051453477829,0.015461448009887975,0.015461446352597623,0.0013111378415444962,0.0013111377016017374,0.1,0,0.0,0.0
1762438865.2910588,123.081719696,3,-0.08853625570088841,-0.08853624839302776,-2.189166666666674,2.1927444060577423,0.08996282979125482,0.08996282230859404,2.1891666666666745,2.1928605324065313,0.0024416655373600293,0.002441665333756777,0.0,0.0,0.0,0,0.0,0.0
1762438865.390625,123.181270168,3,-0.08849468952387163,-0.08849468315828679,-2.186666666666674,2.190245130146933,0.08800985549833563,0.08800984850610448,2.1885051798854995,2.1920416032741183,0.015553317992407785,0.015553316726495308,0.0013111652455047756,0.0013111651392738533,0.1,0,0.0,0.0
1762438865.491094,123.281761821,3,-0.0884560633236342,-0.08845605777908727,-2.184166666666674,2.1877460952026273,0.08988192589614533,0.08988192021884463,2.1841666666666746,2.1878623238135524,0.0024394806276598763,0.0024394804731788975,0.0,0.0,0.0,0,0.0,0.0
1762438865.5905144,123.381172725,3,-0.08842552286398053,-0.08842551803434351,-2.181666666666674,2.1852477181724472,0.0878122802308765,0.08781227492551369,2.183541935009371,2.1870705004940763,0.015531154404080125,0.015531153443616183,0.0013091673776420246,0.0013091672970437286,0.1,0,0.0,0.0
1762438865.6905744,123.481230407,3,-0.08839189718186269,-0.08839189297526784,-2.179166666666674,2.1827490958289966,0.08981838212889766,0.08981837782151243,2.1791666666666734,2.1828655579017875,0.002437767977944898,0.0024377678607391774,0.0,0.0,0.0,0,0.0,0.0
1762438865.7908723,123.581563069,3,-0.08852379673690436,-0.0885237930629652,-2.176666666666674,2.180263906572959,0.08786163131517198,0.08786162728491617,2.1785326099244346,2.182073249070866,0.015439793630338785,0.01543979290531318,0.0013002025652393877,0.0013002025044574009,0.1,0,0.0,0.0
1762438865.8911116,123.6817822,3,-0.08847318428853512,-0.08847318108961966,-2.174166666666674,2.177763922594629,0.08981692437671393,0.08981692110560925,2.174166666666674,2.1778739296997562,0.0023471907920436046,0.0023471907063454434,0.0,0.0,0.0,0,0.0,0.0
1762438865.9904802,123.781163731,3,-0.0882749665466287,-0.08827496376833077,-2.1716666666666744,2.175251950937696,0.08778265467928509,0.08778265162715984,2.1735051818035385,2.1770476255047964,0.015512967251361977,0.015512966698766126,0.0013077470914019142,0.0013077470450311532,0.1,0,0.0,0.0
1762438866.09106,123.881729572,3,-0.08842855748069489,-0.08842855505363956,-2.1691666666666745,2.1727685672673016,0.08976660097791393,0.08976659849632025,2.1691666666666745,2.172878301386099,0.002345830940251995,0.0023458308752399046,0.0,0.0,0.0,0,0.0,0.0
1762438866.191043,123.981730776,3,-0.08842531277867494,-0.08842531066383952,-2.1666666666666736,2.1702724520093044,0.08786399150634033,0.08786398918727946,2.168495308021703,2.172052499943652,0.015425920554404098,0.015425920137223197,0.0012991828009063157,0.0012991827659314724,0.1,0,0.0,0.0
1762438866.2904465,124.081112476,3,-0.08841823261355053,-0.08841823077079558,-2.164166666666674,2.167776032827719,0.08984188382770694,0.08984188194089114,2.1641666666666746,2.1678930990598997,0.0024383724226963634,0.0024383723713562724,0.0,0.0,0.0,0,0.0,0.0
1762438866.390687,124.181063445,3,-0.08839561581984867,-0.08839561421451525,-2.161666666666674,2.1652783533038753,0.0878983261523355,0.08789832438911482,2.163505183097007,2.1670733509640163,0.015516407715917495,0.015516407397201058,0.001298978429618214,0.0012989784030643476,0.1,0,0.0,0.0
1762438866.4907205,124.281337376,3,-0.08837480619423399,-0.08837480479566384,-2.1591666666666742,2.162780827300126,0.08979843933213238,0.08979843790013296,2.159166666666674,2.1628981052283223,0.0024372061762344376,0.0024372061372697875,0.0,0.0,0.0,0,0.0,0.0
1762438866.5902705,124.380973932,3,-0.0883570393547819,-0.0883570381362615,-2.1566666666666743,2.1602835563191465,0.08785684100217961,0.08785683966391777,2.1585051837482365,2.1620782310209363,0.015508920220248397,0.01550891997835222,0.0012983506379503895,0.0012983506177967096,0.1,0,0.0,0.0
1762438866.6905048,124.481177875,3,-0.08832979311653855,-0.08832979205508218,-2.154166666666674,2.157785515822718,0.08975526288738507,0.08975526180051563,2.1541666666666743,2.1579031586275303,0.002436055077743725,0.002436055048169732,0.0,0.0,0.0,0,0.0,0.0
1762438866.790605,124.581306663,3,-0.08830954469842389,-0.08830954377371003,-2.151666666666674,2.1552880539850907,0.087810769031366,0.08781076801571591,2.153505184402489,2.157082761830382,0.015500906073036011,0.015500905889449728,0.0012976688600676329,0.0012976688447722564,0.1,0,0.0,0.0
1762438866.890753,124.681416281,3,-0.08829659774168608,-0.08829659693598002,-2.149166666666674,2.152791197332982,0.08971904155149286,0.08971904072654456,2.149166666666674,2.1529088168793757,0.0024350511948406936,0.0024350511723940315,0.0,0.0,0.0,0,0.0,0.0
1762438866.9905396,124.781225295,3,-0.08828784763050379,-0.08828784692840774,-2.146666666666674,2.150294692764759,0.08778083950429819,0.08778083873330902,2.1485051850597867,2.1520886323898445,0.015495300001550279,0.015495299862193739,0.0012972119245927654,0.001297211912982126,0.1,0,0.0,0.0
1762438867.0907478,124.881449292,3,-0.08845548173830764,-0.08845548112467327,-2.1441666666666745,2.147812710371887,0.08979162168662685,0.08979162105925044,2.1441666666666745,2.1479235938417456,0.0023464638512512045,0.002346463834815796,0.0,0.0,0.0,0,0.0,0.0
1762438867.1905577,124.981225618,3,-0.0884622434519704,-0.08846224291702687,-2.1416666666666737,2.1453175168374514,0.08789425799209785,0.08789425740568416,2.14349531132409,2.147096399964668,0.015414356926088932,0.015414356820772468,0.001289148233884482,0.0012891482251185978,0.1,0,0.0,0.0
1762438867.2904599,125.081125933,3,-0.08846638256845996,-0.08846638210208613,-2.1391666666666738,2.142822117998783,0.08988783623281474,0.08988783575533699,2.1391666666666738,2.142940427052792,0.00243959302512271,0.002439593012131008,0.0,0.0,0.0,0,0.0,0.0
1762438867.3903913,125.181049863,3,-0.08844780995073354,-0.08844780954426745,-2.1366666666666743,2.140324852573258,0.0879479997932185,0.08794799934691075,2.138505186383603,2.1421190754592336,0.01550844684381155,0.015508446763270609,0.001289242215982146,0.001289242209320114,0.1,0,0.0,0.0
1762438867.4905763,125.281209083,3,-0.08842879876234644,-0.08842879840809093,-2.1341666666666743,2.1378275575802634,0.08985233412992763,0.08985233376722862,2.1341666666666743,2.1379462680205874,0.0024386593385103375,0.0024386593286415265,0.0,0.0,0.0,0,0.0,0.0
1762438867.5904827,125.381139125,3,-0.08841611455541809,-0.0884161142466241,-2.1316666666666744,2.135330793190919,0.08791247653158157,0.08791247619255466,2.1335051870501665,2.13712460801194,0.015501982598860986,0.015501982537681471,0.0012886967112137294,0.0012886967061532181,0.1,0,0.0,0.0
1762438867.6904502,125.481128344,3,-0.08839471714312452,-0.08839471687399147,-2.129166666666674,2.132833314264038,0.08981884904567537,0.0898188487701259,2.1291666666666744,2.1329523074093237,0.0024377580790433213,0.0024377580715457914,0.0,0.0,0.0,0,0.0,0.0
1762438867.7903774,125.581046811,3,-0.08837552449940045,-0.08837552426483686,-2.126666666666674,2.13033602460522,0.08787612025675065,0.08787611999919649,2.1285051877198606,2.132130099015501,0.015495818520557548,0.015495818474079258,0.0012881772627047797,0.0012881772588603094,0.1,0,0.0,0.0
1762438867.8905027,125.681162782,3,-0.0883462270816624,-0.08834622687727867,-2.124166666666674,2.127837902524726,0.08977204853596296,0.08977204832669605,2.1241666666666736,2.127957252657328,0.002436511747975216,0.00243651174228109,0.0,0.0,0.0,0,0.0,0.0
1762438867.99127,125.781937503,3,-0.08849026777030478,-0.08849026759171885,-2.121666666666674,2.1253542056309085,0.08781850720561873,0.0878185070097793,2.123532616959354,2.1271612434584015,0.015398813005357248,0.015398812970240212,0.001278611110958851,0.0012786111080572672,0.1,0,0.0,0.0
1762438868.0902894,125.880952335,3,-0.08847227165252125,-0.08847227149689663,-2.119166666666674,2.122857048127905,0.08989744878801875,0.08989744862867607,2.119166666666674,2.1229767930148657,0.0024398853337908853,0.002439885329455215,0.0,0.0,0.0,0,0.0,0.0
1762438868.1902406,125.980915478,3,-0.08843905481311065,-0.08843905467752766,-2.116666666666674,2.1203586278236752,0.08794903359542289,0.08794903344651048,2.118505189068733,2.1221532228153777,0.015492516232816294,0.01549251620598385,0.0012788218723549065,0.0012788218701516598,0.1,0,0.0,0.0
1762438868.290512,126.081197181,3,-0.08857387633924763,-0.08857387622080826,-2.114166666666674,2.1178742544265967,0.08991631699064843,0.0899163168695441,2.114166666666674,2.1179873896095374,0.0023497564422083938,0.0023497564390357107,0.0,0.0,0.0,0,0.0,0.0
1762438868.3905797,126.181262498,3,-0.08836881850558331,-0.08836881840270183,-2.111666666666674,2.1153614838275523,0.08788111565146155,0.08788111553845107,2.1135051897479538,2.117156198311301,0.01548072869420276,0.015480728673838758,0.001277835288313683,0.0012778352866416021,0.1,0,0.0,0.0
1762438868.4904761,126.281181355,3,-0.08834048300243946,-0.08834048291281849,-2.1091666666666744,2.112863485802191,0.0897655221267288,0.08976552203496335,2.109166666666675,2.1129836075291037,0.002436326456316807,0.0024363264538198605,0.0,0.0,0.0,0,0.0,0.0
1762438868.59052,126.381219479,3,-0.08848536399852414,-0.08848536392022843,-2.1066666666666745,2.110380004576077,0.08781281868447893,0.08781281859860902,2.1085326189416636,2.112186541803667,0.015381225052176066,0.015381225036802035,0.001268088170265275,0.0012680881690043046,0.1,0,0.0,0.0
1762438868.6904948,126.481200983,3,-0.08831125494491232,-0.08831125487686553,-2.1041666666666736,2.107869805419446,0.0897324013085376,0.08973240123886889,2.1041666666666736,2.107989840769597,0.0024354003743801483,0.0024354003724845023,0.0,0.0,0.0,0,0.0,0.0
1762438868.7902522,126.580956112,3,-0.0883134955288547,-0.0883134954695396,-2.101666666666674,2.1053743906375377,0.0877994887985377,0.08779948873341685,2.1035051911160845,2.1071667208617946,0.015465119194527224,0.01546511918279409,0.0012765786394633425,0.0012765786384998945,0.1,0,0.0,0.0
1762438868.8906844,126.681356,3,-0.08831831262471468,-0.0883183125730036,-2.099166666666674,2.1028792031700476,0.08973805318169518,0.0897380531287545,2.099166666666674,2.102999412936831,0.0024355394924859804,0.0024355394910455224,0.0,0.0,0.0,0,0.0,0.0
1762438868.9907024,126.781365093,3,-0.08849189861785156,-0.0884918985726395,-2.0966666666666742,2.100398234465342,0.08792388178560243,0.08792388173604619,2.098495317466672,2.102175971558359,0.015386517659708153,0.015386517650836262,0.0012687023689302414,0.001268702368202527,0.1,0,0.0,0.0
1762438869.0903428,126.881051264,3,-0.0885007058919065,-0.08850070585248193,-2.0941666666666743,2.097903424292349,0.08983592697401284,0.08983592693370823,2.0941666666666743,2.0980169244601266,0.002347607013515004,0.0023476070124591694,0.0,0.0,0.0,0,0.0,0.0
1762438869.1909575,126.981620616,3,-0.08850748959662535,-0.0885074895622433,-2.091666666666674,2.0954084556161794,0.08794021736620916,0.08794021732852861,2.093495318165483,2.0971861173570177,0.01538933318610129,0.015389333179355756,0.0012689389878000126,0.0012689389872467048,0.1,0,0.0,0.0
1762438869.2902768,127.080939785,3,-0.08849130555297613,-0.088491305523003,-2.089166666666674,2.0929115565218654,0.08991631577062949,0.08991631573994226,2.0891666666666744,2.093033026206025,0.002440396440890014,0.00244039644005504,0.0,0.0,0.0,0,0.0,0.0
1762438869.3904572,127.181108928,3,-0.0884654117645356,-0.08846541173841072,-2.086666666666674,2.0904138432211274,0.08797027452401758,0.087970274495333,2.088505193192847,2.0922073225156503,0.015479469866342695,0.015479469861182519,0.0012686782006907564,0.0012686782002701423,0.1,0,0.0,0.0
1762438869.4902265,127.28088428,3,-0.08844583777028259,-0.08844583774751036,-2.084166666666674,2.0879166714402713,0.08986937346933137,0.08986937344601681,2.084166666666674,2.0880382427091284,0.0024391195248261656,0.002439119524191793,0.0,0.0,0.0,0,0.0,0.0
1762438869.5903168,127.380980267,3,-0.08843336400419144,-0.0884333639843411,-2.0816666666666745,2.085420108957864,0.08792926825868083,0.08792926823688772,2.0835051938917473,2.0872127360197545,0.015471858767473713,0.015471858763553276,0.001268062750904649,0.0012680627505850892,0.1,0,0.0,0.0
1762438869.6905208,127.481194263,3,-0.08842599206818846,-0.0884259920508812,-2.0791666666666737,2.0829239880325043,0.08984782095738732,0.08984782093966995,2.0791666666666733,2.083045676320182,0.0024385207328924377,0.002438520732410372,0.0,0.0,0.0,0,0.0,0.0
1762438869.79067,127.581321499,3,-0.08857340794459212,-0.08857340792946422,-2.0766666666666738,2.080441044978596,0.08790037785573095,0.08790037783914532,2.0785326229921166,2.082246579465058,0.015379905964848721,0.015379905961884042,0.0012589351158144846,0.001258935115573099,0.1,0,0.0,0.0
1762438869.8905022,127.681130634,3,-0.088543699368695,-0.08854369935551487,-2.0741666666666743,2.077943053720336,0.08988563137783315,0.0898856313643569,2.0741666666666743,2.0780582798769394,0.002348957244249235,0.0023489572438961897,0.0,0.0,0.0,0,0.0,0.0
1762438869.9902287,127.780900197,3,-0.08849967363371025,-0.08849967362222722,-2.0716666666666743,2.075443847046295,0.08796560400283938,0.08796560399024632,2.0734953209944247,2.0772238062276114,0.015378733224732783,0.01537873322248159,0.001258957103430439,0.0012589571032471597,0.1,0,0.0,0.0
1762438870.090151,127.880855244,3,-0.08845533385930349,-0.08845533384929882,-2.0691666666666744,2.072944617354508,0.08988412109496552,0.08988412108472171,2.069166666666674,2.073067535053468,0.0024395610644645472,0.0024395610641858184,0.0,0.0,0.0,0,0.0,0.0
1762438870.1904356,127.981123553,3,-0.08841233272919258,-0.08841233272047622,-2.066666666666674,2.0704455057467306,0.08792898505268579,0.08792898504311254,2.068505196008719,2.0722395514848606,0.015456032197675383,0.015456032195955831,0.0012576711005273119,0.0012576711003881903,0.1,0,0.0,0.0
1762438870.2901897,128.080896544,3,-0.08836730739940268,-0.08836730739181298,-2.064166666666674,2.067946225077071,0.08979498503311428,0.08979498502534274,2.064166666666674,2.0680692218711165,0.00243714850284441,0.002437148502632942,0.0,0.0,0.0,0,0.0,0.0
1762438870.390429,128.181106019,3,-0.08850359160964416,-0.08850359160301213,-2.061666666666674,2.0654624702228106,0.08796033330822871,0.08796033330095615,2.0634953224294588,2.0672413952314246,0.015360842283671267,0.015360842282373329,0.001248437177946523,0.0012484371778416407,0.1,0,0.0,0.0
1762438870.490367,128.281029171,3,-0.0884752032329903,-0.08847520322721047,-2.059166666666674,2.062964634763368,0.0898181115128192,0.08981811150690906,2.059166666666674,2.0630806933858743,0.002347207205575373,0.00234720720542054,0.0,0.0,0.0,0,0.0,0.0
1762438870.5904722,128.381131564,3,-0.08843546300568228,-0.08843546300065053,-2.056666666666674,2.060465830828305,0.08789824394904208,0.08789824394352158,2.0584953231522043,2.062245183778393,0.01535019269394705,0.015350192692961596,0.0012475654992079282,0.0012475654991283018,0.1,0,0.0,0.0
1762438870.6902523,128.480909132,3,-0.08840543235061116,-0.08840543234622822,-2.054166666666674,2.057967865488161,0.08983042352684438,0.08983042352235679,2.0541666666666742,2.0580912769908175,0.0024380814267371616,0.002438081426615054,0.0,0.0,0.0,0,0.0,0.0
1762438870.7903194,128.580976722,3,-0.08838733185654135,-0.08838733185272352,-2.051666666666674,2.055470931921904,0.08788690400447838,0.08788690400028466,2.0535051981566146,2.0572631855565993,0.015431429007734983,0.01543142900698283,0.0012466428821419561,0.0012466428820815559,0.1,0,0.0,0.0
1762438870.8902204,128.680883855,3,-0.0883782864083491,-0.08837828640502132,-2.049166666666674,2.052974785718074,0.08980005263468076,0.08980005263127386,2.0491666666666744,2.053098177555954,0.002437232044785948,0.00243723204469325,0.0,0.0,0.0,0,0.0,0.0
1762438870.9904096,128.781061747,3,-0.08837540460453308,-0.08837540460163296,-2.0466666666666744,2.0504791802703077,0.08786493339458085,0.08786493339139638,2.0485051988795724,2.0522704604600595,0.015427192552127928,0.015427192551556845,0.0012463197108220486,0.0012463197107761886,0.1,0,0.0,0.0
1762438871.0900736,128.880780183,3,-0.08837650556921339,-0.08837650556668275,-2.0441666666666745,2.04798392927873,0.0897968151631154,0.08979681516052557,2.044166666666674,2.048107491597439,0.002437131192527013,0.0024371311924565524,0.0,0.0,0.0,0,0.0,0.0
1762438871.190386,128.981089894,3,-0.08837895659996597,-0.08837895659775818,-2.0416666666666736,2.0454888065488928,0.08786520904225241,0.08786520903983044,2.0435051996060656,2.0472796806339573,0.01542710205882814,0.015427102058393819,0.0012463214827620338,0.001246321482727152,0.1,0,0.0,0.0
1762438871.2904668,129.081170984,3,-0.08853134670213691,-0.08853134670021201,-2.039166666666674,2.0430066796616018,0.08987143913183133,0.08987143912986373,2.039166666666674,2.043123698063183,0.002348572338756898,0.002348572338705352,0.0,0.0,0.0,0,0.0,0.0
1762438871.3907533,129.181450346,3,-0.08851243171026013,-0.08851243170858414,-2.036666666666674,2.04050974323706,0.08796123333498335,0.08796123333314523,2.038495326078644,2.0422873332574376,0.015344130358295157,0.015344130357967618,0.0012380522450438334,0.001238052245017566,0.1,0,0.0,0.0
1762438871.490568,129.281236259,3,-0.0884933118363902,-0.08849331183492937,-2.0341666666666742,2.038012796882565,0.08991729857551772,0.08991729857402145,2.0341666666666742,2.0381374509448023,0.0024404169806458635,0.0024404169806051534,0.0,0.0,0.0,0,0.0,0.0
1762438871.5904608,129.38112442,3,-0.08847066944789717,-0.08847066944662241,-2.0316666666666743,2.0355155521757546,0.08797376647649578,0.08797376647509715,2.0335052010697705,2.037307578632565,0.015430297508604179,0.015430297508353725,0.001237511041417842,0.0012375110413978777,0.1,0,0.0,0.0
1762438871.6910024,129.481674807,3,-0.08844053932645313,-0.08844053932534535,-2.029166666666674,2.033017663254221,0.08986711562119601,0.08986711562006122,2.029166666666674,2.033142778569937,0.002439083128255067,0.0024390831282241894,0.0,0.0,0.0,0,0.0,0.0
1762438871.790324,129.580976163,3,-0.08840888826987481,-0.08840888826890603,-2.026666666666674,2.0305196479787795,0.08791749607564633,0.08791749607458489,2.028505201807034,2.032312064125594,0.0154039750345542,0.015403975034364492,0.0012263399864624307,0.0012263399864474223,0.1,0,0.0,0.0
1762438871.8903697,129.681057403,3,-0.08838393029826808,-0.08838393029742453,-2.024166666666674,2.0280222219478423,0.08972428952476899,0.08972428952390651,2.0241666666666744,2.028139933709153,0.002344750944617675,0.0023447509445950823,0.0,0.0,0.0,0,0.0,0.0
1762438871.9903936,129.78108157,3,-0.0883604423707034,-0.08836044236996599,-2.021666666666674,2.025524931138322,0.08781319960949792,0.08781319960869163,2.023495328311436,2.027302557525487,0.015318308309020817,0.015318308308877149,0.0012359553336345112,0.0012359553336229888,0.1,0,0.0,0.0
1762438872.0903506,129.881038352,3,-0.08832993918859522,-0.08832993918795284,-2.0191666666666745,2.0230270349384405,0.08975578682446299,0.08975578682380582,2.019166666666675,2.023152547465131,0.0024360729025205132,0.0024360729025026248,0.0,0.0,0.0,0,0.0,0.0
1762438872.1904526,129.98112839,3,-0.08830690116132534,-0.08830690116076534,-2.0166666666666737,2.020529797362515,0.08780967626395453,0.08780967626333959,2.0185052032925217,2.0223215209778185,0.015401376125071524,0.015401376124961301,0.001235168210992118,0.0012351682109833294,0.1,0,0.0,0.0
1762438872.2905233,130.081198002,3,-0.08846317212468868,-0.0884631721241973,-2.0141666666666738,2.0180482716614527,0.08980096182465747,0.0898009618241548,2.0141666666666733,2.0181664417486274,0.0023467217624941663,0.0023467217624809993,0.0,0.0,0.0,0,0.0,0.0
1762438872.3903415,130.181008391,3,-0.08845151062982115,-0.08845151062939238,-2.0116666666666743,2.0155520626476324,0.08789711808902162,0.08789711808855104,2.0134953298184453,2.017328741166724,0.01531615239308913,0.015316152393005449,0.0012267736019269705,0.001226773601920308,0.1,0,0.0,0.0
1762438872.490332,130.280995086,3,-0.08842610950545193,-0.0884261095050789,-2.0091666666666743,2.013054656021279,0.08985133888622802,0.08985133888584576,2.0091666666666748,2.013180871318746,0.002438646696856185,0.0024386466968457777,0.0,0.0,0.0,0,0.0,0.0
1762438872.59043,130.381080742,3,-0.08840305951794836,-0.08840305951762661,-2.0066666666666744,2.0105574632363417,0.08790594743152189,0.08790594743116638,2.0085052047928005,2.0123488934246403,0.015401765223144773,0.015401765223081162,0.0012261735540103236,0.0012261735540052986,0.1,0,0.0,0.0
1762438872.6904237,130.481111347,3,-0.08837719443229464,-0.08837719443201442,-2.004166666666674,2.008060030170713,0.08980347766042203,0.08980347766013481,2.0041666666666744,2.008186584204159,0.002437362113554711,0.0024373621135468943,0.0,0.0,0.0,0,0.0,0.0
1762438872.7900999,130.580804432,3,-0.08849870706905527,-0.08849870706880969,-2.001666666666674,2.0055755998591076,0.08796672967145072,0.08796672967118147,2.0034953313405004,2.007353938338059,0.015312580110567391,0.01531258011051949,0.001217423200181299,0.0012174232001775128,0.1,0,0.0,0.0
1762438872.8902905,130.680945843,3,-0.08844789127331598,-0.08844789127310193,-1.999166666666674,2.0030759895851418,0.0898768760000948,0.0898768759998756,1.9991666666666743,2.0032032015724655,0.0024393679657184696,0.002439367965712502,0.0,0.0,0.0,0,0.0,0.0
1762438872.990422,130.781123648,3,-0.08840008908435415,-0.08840008908416963,-1.9966666666666741,2.000576649188433,0.08792038246496403,0.08792038246475978,1.9985052063080928,2.0023693582718667,0.015388225909335855,0.015388225909299343,0.0012160376789548933,0.0012160376789520306,0.1,0,0.0,0.0
1762438873.0903418,130.880989312,3,-0.08852792058452152,-0.0885279205843621,-1.9941666666666742,1.9980928606775223,0.08987016697459707,0.08987016697443456,1.9941666666666742,1.9982126984554294,0.0023485571333914383,0.0023485571333871726,0.0,0.0,0.0,0,0.0,0.0
1762438873.1904228,130.981095164,3,-0.08832651256823265,-0.08832651256809454,-1.9916666666666738,1.995579929934165,0.08795758901922111,0.08795758901906953,1.9934684528807445,1.9973456254646742,0.015381453256328776,0.01538145325630174,0.0012156836796493966,0.0012156836796472748,0.1,0,0.0,0.0
1762438873.290475,131.081180609,3,-0.08847468918303658,-0.08847468918291512,-1.9891666666666739,1.9930979827970965,0.08989727202168657,0.08989727202156204,1.9891666666666739,1.9932252925376164,0.0024398661086899604,0.002439866108686574,0.0,0.0,0.0,0,0.0,0.0
1762438873.3903918,131.181064655,3,-0.08846610796755705,-0.08846610796744891,-1.986666666666674,1.9906021573790955,0.08783766573810667,0.08783766573798901,1.988541961323541,1.992418139595475,0.01536947072897308,0.015369470728952148,0.0012054046384043283,0.001205404638402694,0.1,0,0.0,0.0
1762438873.4904313,131.281098386,3,-0.08845653121687391,-0.08845653121677821,-1.9841666666666744,1.9881062539363856,0.08987764719769332,0.08987764719759636,1.9841666666666742,1.988233724702081,0.0024393214177799868,0.0024393214177773617,0.0,0.0,0.0,0,0.0,0.0
1762438873.5903697,131.381035692,3,-0.08844928407321984,-0.08844928407313501,-1.9816666666666745,1.9856105684357959,0.08794172096201143,0.08794172096191914,1.9835052086096796,1.9874004138958092,0.01537471450187087,0.01537471450185441,0.001206001244647982,0.0012060012446466937,0.1,0,0.0,0.0
1762438873.6903281,131.481006996,3,-0.08842927011931057,-0.08842927011923796,-1.9791666666666736,1.983113755202189,0.08985408096139415,0.08985408096131975,1.9791666666666736,1.9832418425838267,0.0024387149108977004,0.0024387149108956833,0.0,0.0,0.0,0,0.0,0.0
1762438873.7904387,131.581090454,3,-0.08840555434526731,-0.08840555434520492,-1.9766666666666741,1.9806166199417083,0.08790893238266075,0.08790893238259223,1.9785052093846311,1.9824073305825494,0.015369164436341858,0.015369164436329673,0.001205536267113551,0.001205536267112606,0.1,0,0.0,0.0
1762438873.8902493,131.680909915,3,-0.08838941232396635,-0.08838941232391262,-1.9741666666666742,1.9781201693020953,0.08981230199781359,0.08981230199775901,1.9741666666666744,1.9782483481499717,0.0024375729538962158,0.0024375729538947287,0.0,0.0,0.0,0,0.0,0.0
1762438873.990246,131.780908935,3,-0.08838111359560585,-0.088381113595557,-1.9716666666666742,1.9756244296235215,0.08787421960925336,0.08787421960920151,1.9735052101635082,1.9774141122906892,0.015362776498400083,0.015362776498390924,0.0012050500114522897,0.001205050011451576,0.1,0,0.0,0.0
1762438874.0902154,131.880865805,3,-0.08837851359512339,-0.08837851359507964,-1.9691666666666743,1.9731292112889365,0.08979935930048118,0.08979935930043723,1.9691666666666743,1.9732575125848848,0.0024372048214245804,0.00243720482142339,0.0,0.0,0.0,0,0.0,0.0
1762438874.190563,131.98124336,3,-0.08837857988677911,-0.08837857988673914,-1.966666666666674,1.9706342442329086,0.08786629164176261,0.08786629164172044,1.9685052109463417,1.9724233156035864,0.01536126407436462,0.015361264074357126,0.0012049452534934767,0.0012049452534928897,0.1,0,0.0,0.0
1762438874.290121,132.080827071,3,-0.08852695849425629,-0.08852695849422099,-1.964166666666674,1.9681526209125537,0.08986796039961562,0.08986796039957894,1.9641666666666742,1.968274166638693,0.002348491839650782,0.002348491839649817,0.0,0.0,0.0,0,0.0,0.0
1762438874.3902886,132.180991375,3,-0.08850324275875288,-0.08850324275872179,-1.961666666666674,1.9656555545335923,0.08795493060550126,0.08795493060546716,1.9634953375837505,1.9674313406949573,0.015276852225140785,0.015276852225134705,0.0011965610978252569,0.0011965610978247844,0.1,0,0.0,0.0
1762438874.49019,132.280866988,3,-0.08849251367229538,-0.08849251367227229,-1.959166666666674,1.9631596668966804,0.08991423336163742,0.0899142333616137,1.959166666666674,1.9632888647623468,0.0024403136463983103,0.00244031364639766,0.0,0.0,0.0,0,0.0,0.0
1762438874.5903614,132.381057283,3,-0.08863070820969288,-0.088630708209674,-1.9566666666666745,1.9606772425159567,0.0880887500700845,0.08808875007006269,1.9584953383820898,1.9624533742849006,0.015284007510098303,0.01528400751009426,0.001188129981956295,0.001188129981955982,0.1,0,0.0,0.0
1762438874.6903605,132.481029478,3,-0.0885753338387838,-0.08857533383876914,-1.9541666666666737,1.9581773516820278,0.09000633861958382,0.09000633861956851,1.9541666666666742,1.9583078519718353,0.0024428774131075547,0.0024428774131071375,0.0,0.0,0.0,0,0.0,0.0
1762438874.7902577,132.580921559,3,-0.08850872951167066,-0.08850872951166133,-1.9516666666666738,1.9556764477227166,0.08804142941205183,0.0880414294120396,1.9535052133188893,1.957469081505481,0.015359969367624062,0.0153599693676219,0.0011867302822867725,0.0011867302822866138,0.1,0,0.0,0.0
1762438874.890176,132.680857448,3,-0.08845006881596262,-0.08845006881595596,-1.9491666666666743,1.9531762654178373,0.08987952038693227,0.0898795203869245,1.9491666666666745,1.9533067733498606,0.002439447554165691,0.002439447554165473,0.0,0.0,0.0,0,0.0,0.0
1762438874.990345,132.780996451,3,-0.08840734966439356,-0.08840734966438646,-1.9466666666666743,1.9506775310287716,0.08792325974882155,0.08792325974881496,1.9485052141178583,1.952468583269446,0.015338780917839938,0.015338780917838767,0.0011851022937123892,0.0011851022937123018,0.1,0,0.0,0.0
1762438875.090171,132.880852352,3,-0.0883800910311523,-0.08838009103114297,-1.9441666666666744,1.9481802043854044,0.08980439079430785,0.08980439079429794,1.9441666666666744,1.9483104693527877,0.0024373733957714387,0.0024373733957711668,0.0,0.0,0.0,0,0.0,0.0
1762438875.190413,132.981043508,3,-0.08852711272920732,-0.08852711272919866,-1.941666666666674,1.9456987289456737,0.08785426860341941,0.08785426860340938,1.9435326427665665,1.9474999046271801,0.015239337923070632,0.015239337923068719,0.0011754447915541346,0.001175444791553983,0.1,0,0.0,0.0
1762438875.290332,133.081002679,3,-0.0884945261550607,-0.08849452615505249,-1.939166666666674,1.9432009477740473,0.08992109564525076,0.08992109564524257,1.9391666666666736,1.9433319242978593,0.0024405419844723856,0.0024405419844721666,0.0,0.0,0.0,0,0.0,0.0
1762438875.3907828,133.181384049,3,-0.08845909505606286,-0.08845909505606042,-1.936666666666674,1.940702914094293,0.0879704995482311,0.08797049954822551,1.9385052157281546,1.9424932661367937,0.015330446896745648,0.015330446896744582,0.0011754725868709183,0.0011754725868708435,0.1,0,0.0,0.0
1762438875.4908903,133.281565686,3,-0.08843528840367565,-0.08843528840367099,-1.9341666666666741,1.9382059474974673,0.08985882146350861,0.08985882146350486,1.9341666666666741,1.938336892811488,0.0024388338524195742,0.0024388338524194714,0.0,0.0,0.0,0,0.0,0.0
1762438875.5907202,133.381424374,3,-0.08842081605906227,-0.08842081605906027,-1.9316666666666742,1.9357098420311452,0.08791722284626374,0.08791722284626018,1.9335052165395492,1.937498722201294,0.015320804467826448,0.015320804467825806,0.0011747534161629023,0.0011747534161628533,0.1,0,0.0,0.0
1762438875.6902795,133.480949944,3,-0.08841467797954294,-0.08841467797954228,-1.9291666666666738,1.9332145091381499,0.08983663075350275,0.08983663075350184,1.9291666666666738,1.9333456153073323,0.0024382180132953616,0.002438218013295344,0.0,0.0,0.0,0,0.0,0.0
1762438875.790289,133.580953522,3,-0.08839229666475745,-0.08839229666475479,-1.9266666666666739,1.930717700924662,0.0878955950663122,0.08789559506631109,1.9285052173551516,1.9325070878602653,0.01531721312401086,0.01531721312401076,0.0011744814596188194,0.001174481459618811,0.1,0,0.0,0.0
1762438875.8902817,133.680983106,3,-0.0885215698023849,-0.08852156980237913,-1.924166666666674,1.928234813955939,0.08986512484125136,0.08986512484124581,1.9241666666666737,1.9283591061927767,0.0023484377747476706,0.0023484377747475314,0.0,0.0,0.0,0,0.0,0.0
1762438875.990416,133.781102043,3,-0.08848215714377794,-0.08848215714377528,-1.9216666666666744,1.9257364726367519,0.08782093419758458,0.08782093419757911,1.923532645932183,1.9275380341081567,0.015217060150363278,0.015217060150362248,0.001164693310675123,0.0011646933106750422,0.1,0,0.0,0.0
1762438876.0902922,133.88097683,3,-0.08845761316560807,-0.08845761316560297,-1.9191666666666745,1.9232395048715034,0.08979730011942447,0.08979730011941925,1.9191666666666742,1.9233636693724743,0.0023466439613915183,0.002346643961391381,0.0,0.0,0.0,0,0.0,0.0
1762438876.1904836,133.981186367,3,-0.08844729530525797,-0.08844729530525353,-1.9166666666666736,1.9207438556988197,0.08776697989886413,0.08776697989885877,1.9185326467338992,1.922543524111981,0.01520731470413047,0.015207314704129442,0.0011639818619218235,0.0011639818619217424,0.1,0,0.0,0.0
1762438876.290216,134.080893578,3,-0.08844703375832363,-0.08844703375831808,-1.9141666666666741,1.9182491452726096,0.08978332004019626,0.08978332004019189,1.9141666666666746,1.918373299671544,0.00234624934856704,0.0023462493485669274,0.0,0.0,0.0,0,0.0,0.0
1762438876.390279,134.18095535,3,-0.08845281780564651,-0.08845281780564163,-1.9116666666666742,1.9157550068837064,0.08788558157133279,0.08788558157132736,1.9134953457548753,1.917527624083114,0.01521469292628589,0.015214692926284967,0.0011647698660584849,0.0011647698660584114,0.1,0,0.0,0.0
1762438876.490217,134.280859462,3,-0.08844379853368078,-0.08844379853367812,-1.9091666666666742,1.9132595150970169,0.08986796736414294,0.08986796736413963,1.9091666666666742,1.913392240035342,0.002439079568004575,0.002439079568004479,0.0,0.0,0.0,0,0.0,0.0
1762438876.590392,134.38103736,3,-0.08842234403323967,-0.08842234403323834,-1.9066666666666743,1.9107628841974276,0.08792397726082586,0.08792397726082328,1.9085052206602984,1.912551549329413,0.01530548902966083,0.015305489029660356,0.0011645770052236492,0.001164577005223616,0.1,0,0.0,0.0
1762438876.6908064,134.481437683,3,-0.08840868026572135,-0.08840868026572046,-1.904166666666674,1.9082669844487496,0.0898312251729997,0.08983122517299887,1.9041666666666741,1.908399851309111,0.002438080659687569,0.0024380806596875516,0.0,0.0,0.0,0,0.0,0.0
1762438876.7902694,134.580901576,3,-0.08840107118851304,-0.08840107118851126,-1.901666666666674,1.9057716573308807,0.08789381454781638,0.0878938145478149,1.9035052214974348,1.9075593761504595,0.015300065926143396,0.015300065926143257,0.0011641806373029022,0.00116418063730289,0.1,0,0.0,0.0
1762438876.8904371,134.681139735,3,-0.08855446393976685,-0.08855446393976418,-1.899166666666674,1.903291310846851,0.08989481418393308,0.08989481418393162,1.8991666666666742,1.903416975602596,0.002349179690665045,0.002349179690665006,0.0,0.0,0.0,0,0.0,0.0
1762438876.9908545,134.781516064,3,-0.08852872240978105,-0.08852872240977971,-1.896666666666674,1.9007943375934937,0.08785871866660967,0.08785871866660748,1.898532649982991,1.902594158495951,0.0152070179478991,0.015207017947898575,0.0011549608435677647,0.0011549608435677192,0.1,0,0.0,0.0
1762438877.09023,134.88090011,3,-0.08850761217133662,-0.08850761217133774,-1.8941666666666745,1.8982978048598393,0.0898471037083727,0.08984710370837377,1.8941666666666748,1.8984236527184095,0.0023479374149413122,0.0023479374149413344,0.0,0.0,0.0,0,0.0,0.0
1762438877.1904223,134.981126123,3,-0.08849508138630124,-0.08849508138630369,-1.8916666666666737,1.8958020826649973,0.08781642438787181,0.08781642438787339,1.8935326508059878,1.8976009455238192,0.015199521452377473,0.015199521452377712,0.001154402891475353,0.001154402891475373,0.1,0,0.0,0.0
1762438877.2904572,135.081153016,3,-0.08848983698043522,-0.08848983698043744,-1.8891666666666738,1.89330705300068,0.08991061139778285,0.08991061139778456,1.8891666666666742,1.893440923432342,0.0024402096280767864,0.002440209628076828,0.0,0.0,0.0,0,0.0,0.0
1762438877.3903437,135.181012842,3,-0.08848924382396106,-0.08848924382396262,-1.8866666666666743,1.8908124718374937,0.08797719551272458,0.08797719551272613,1.888505224035448,1.8925992589742147,0.015281729836218791,0.015281729836219015,0.001144837817307088,0.0011448378173071047,0.1,0,0.0,0.0
1762438877.4903755,135.281028268,3,-0.08847507971550073,-0.08847507971550117,-1.8841666666666743,1.888316633205124,0.08989963880987781,0.08989963880987785,1.8841666666666743,1.8884511955287855,0.0024399430128195293,0.0024399430128195327,0.0,0.0,0.0,0,0.0,0.0
1762438877.590416,135.381078046,3,-0.08844825064671813,-0.08844825064671902,-1.8816666666666744,1.8858196177072193,0.08795367319542309,0.08795367319542369,1.8835052248904358,1.8876079120004519,0.015294256861628587,0.015294256861628785,0.0011547272893860476,0.0011547272893860662,0.1,0,0.0,0.0
1762438877.6902485,135.480917378,3,-0.08842995241306006,-0.08842995241305895,-1.879166666666674,1.8833234119711597,0.0898532283887397,0.08985322838873869,1.879166666666674,1.8834581403405006,0.00243868101095859,0.0024386810109585655,0.0,0.0,0.0,0,0.0,0.0
1762438877.7902794,135.580948142,3,-0.08858002851338487,-0.08858002851338553,-1.876666666666674,1.8808430611512141,0.08790431848870314,0.08790431848870321,1.8785326533012665,1.8826415665062277,0.015198345134598636,0.01519834513459863,0.0011453288003599675,0.0011453288003599694,0.1,0,0.0,0.0
1762438877.8903933,135.6810583,3,-0.08838374901473944,-0.08838374901473856,-1.874166666666674,1.8783301276996738,0.08981034502180676,0.08981034502180583,1.8741666666666736,1.8784654616442493,0.002437552870330834,0.002437552870330805,0.0,0.0,0.0,0,0.0,0.0
1762438877.990385,135.781045847,3,-0.08851667383439388,-0.0885166738343961,-1.8716666666666741,1.8758482119309516,0.08797709583841798,0.08797709583841848,1.8734953526057954,1.877622106553882,0.015197949586135922,0.015197949586136008,0.00114547443238895,0.0011454744323889602,0.1,0,0.0,0.0
1762438878.0902185,135.880884142,3,-0.08847448303251682,-0.08847448303251793,-1.8691666666666742,1.8733498061156513,0.08990192044939067,0.08990192044939176,1.8691666666666742,1.8734857187549585,0.0024400330439247834,0.0024400330439248168,0.0,0.0,0.0,0,0.0,0.0
1762438878.1903405,135.980988342,3,-0.0884370966281498,-0.08843709662815114,-1.8666666666666738,1.8708518606678897,0.08794955423670639,0.08794955423670688,1.8685052274828524,1.872640390814963,0.015276947816217292,0.015276947816217367,0.0011444127841989053,0.0011444127841989068,0.1,0,0.0,0.0
1762438878.2903042,136.080970621,3,-0.08840562083999703,-0.08840562083999748,-1.8641666666666739,1.8683544815434112,0.08983168105387768,0.08983168105387902,1.8641666666666739,1.8684905198991697,0.0024381207900344417,0.002438120790034481,0.0,0.0,0.0,0,0.0,0.0
1762438878.3902407,136.18090197,3,-0.08838526413570502,-0.08838526413570413,-1.861666666666674,1.865858163851283,0.0878861868792241,0.08788618687922367,1.8635052283562652,1.8676454962865614,0.015265633947484432,0.015265633947484257,0.001143579392197056,0.001143579392197036,0.1,0,0.0,0.0
1762438878.4905028,136.280921497,3,-0.08837673628189524,-0.08837673628189657,-1.8591666666666744,1.8633629784548562,0.08979837333302541,0.08979837333302529,1.8591666666666742,1.8634989106921922,0.0024371856074380887,0.002437185607438081,0.0,0.0,0.0,0,0.0,0.0
1762438878.5903187,136.380961562,3,-0.08853575090105892,-0.08853575090105936,-1.8566666666666745,1.860883733468152,0.0878550702962716,0.08785507029627235,1.858532656690961,1.8626810416011343,0.01517322003833465,0.015173220038334765,0.0011344714249165533,0.001134471424916561,0.1,0,0.0,0.0
1762438878.6904166,136.480954958,3,-0.08851217692692082,-0.08851217692692304,-1.8541666666666736,1.8583871606063385,0.08993812672513082,0.08993812672513331,1.8541666666666732,1.8585240813762554,0.002440992736408309,0.002440992736408375,0.0,0.0,0.0,0,0.0,0.0
1762438878.7901082,136.580780179,3,-0.08846441758803536,-0.08846441758804002,-1.8516666666666741,1.8558882915743753,0.08798440630582308,0.08798440630582624,1.853505230117228,1.8576770843119896,0.015266727905911355,0.0152667279059119,0.0011346683564651652,0.0011346683564652095,0.1,0,0.0,0.0
1762438878.8901975,136.68087625,3,-0.08841847720422713,-0.08841847720423113,-1.8491666666666742,1.8533896016038744,0.08984605115089402,0.0898460511508974,1.8491666666666742,1.8535269048292655,0.002438527713847144,0.0024385277138472402,0.0,0.0,0.0,0,0.0,0.0
1762438878.9902241,136.780892001,3,-0.08838722442261115,-0.08838722442261648,-1.8466666666666742,1.850892320114834,0.08789562048701792,0.08789562048702217,1.8485052310048566,1.8526799154883486,0.015250838366036695,0.015250838366037368,0.0011334838327194173,0.0011334838327194691,0.1,0,0.0,0.0
1762438879.0901823,136.880851405,3,-0.08836829656478251,-0.08836829656478695,-1.8441666666666743,1.8483962254127213,0.08979152399120485,0.08979152399120979,1.8441666666666745,1.848533399753924,0.002437016305707315,0.0024370163057074574,0.0,0.0,0.0,0,0.0,0.0
1762438879.1901023,136.980761082,3,-0.0883578886284484,-0.08835788862844907,-1.841666666666674,1.8459009572772025,0.08785256282068185,0.08785256282068554,1.8435052318972969,1.8476871178911842,0.01522672410278295,0.015226724102783706,0.0011227654519984295,0.0011227654519984835,0.1,0,0.0,0.0
1762438879.2901862,137.08089837,3,-0.08851644481744536,-0.08851644481744825,-1.839166666666674,1.843421913123538,0.08985571145554963,0.08985571145555235,1.8391666666666742,1.8435514979354855,0.0023481524784383975,0.00234815247843847,0.0,0.0,0.0,0,0.0,0.0
1762438879.3903449,137.181031869,3,-0.08849389274449049,-0.0884938927444936,-1.836666666666674,1.8409255233579165,0.08782184331175312,0.08782184331175576,1.8385326601544034,1.8427229023322458,0.015150869527795756,0.015150869527796214,0.0011238029197440111,0.0011238029197440447,0.1,0,0.0,0.0
1762438879.4902902,137.280992995,3,-0.0884781054463053,-0.0884781054463053,-1.834166666666674,1.8384297950691162,0.08981670905265104,0.08981670905265128,1.8341666666666738,1.8385596110981104,0.002347138438062674,0.0023471384380626802,0.0,0.0,0.0,0,0.0,0.0
1762438879.590691,137.381339324,3,-0.08847225702199868,-0.08847225702199601,-1.8316666666666745,1.8359350365148925,0.08778908039500491,0.08778908039500354,1.8335326610320677,1.8377311730349832,0.015145028842584729,0.015145028842584427,0.0011233852865069787,0.0011233852865069494,0.1,0,0.0,0.0
1762438879.6901636,137.48083535,3,-0.08846781799954773,-0.0884678179995455,-1.8291666666666737,1.833440428289851,0.08989076797108564,0.08989076797108224,1.8291666666666742,1.8335788488028908,0.0024396831024407757,0.00243968310244068,0.0,0.0,0.0,0,0.0,0.0
1762438879.7901595,137.580835285,3,-0.08844299884000595,-0.08844299884000373,-1.8266666666666738,1.8309438656602128,0.08794726653242214,0.08794726653241922,1.8285052346039041,1.832730431993458,0.015243455898199856,0.015243455898199337,0.0011239961218209907,0.0011239961218209526,0.1,0,0.0,0.0
1762438879.8903565,137.681026938,3,-0.08842061904398335,-0.08842061904398268,-1.8241666666666743,1.8284475490213135,0.08984460140785279,0.0898446014078523,1.824166666666674,1.828586375477537,0.0024384547510824996,0.002438454751082485,0.0,0.0,0.0,0,0.0,0.0
1762438879.9902098,137.780873813,3,-0.08840343666224726,-0.08840343666224482,-1.8216666666666743,1.825951746260526,0.08790264975180981,0.08790264975180893,1.8235052355160042,1.8277376988017335,0.015235563113441822,0.015235563113441718,0.0011234133350351157,0.0011234133350351064,0.1,0,0.0,0.0
1762438880.090687,137.881333563,3,-0.08839480588015824,-0.08839480588015491,-1.8191666666666744,1.8234567843862712,0.08981647042303109,0.08981647042302728,1.8191666666666748,1.8235957221461236,0.0024376744424481084,0.0024376744424480035,0.0,0.0,0.0,0,0.0,0.0
1762438880.1901133,137.980793852,3,-0.0883922321545958,-0.08839223215459513,-1.816666666666674,1.8209624244306493,0.08788156946056332,0.08788156946056126,1.8185052364331176,1.8227472768972588,0.015231777896284718,0.015231777896284387,0.0011231548993133316,0.0011231548993133132,0.1,0,0.0,0.0
1762438880.2904565,138.081111825,3,-0.08839277371007626,-0.08839277371007581,-1.814166666666674,1.818468382824621,0.0898133741070748,0.08981337410707438,1.8141666666666738,1.8186075934025638,0.0024375795249743136,0.0024375795249743015,0.0,0.0,0.0,0,0.0,0.0
1762438880.390194,138.18089293,3,-0.08854906643618232,-0.08854906643618254,-1.811666666666674,1.8159895334072211,0.08787047871634528,0.0878704787163447,1.8135326645911283,1.8177852369294556,0.015142992345303027,0.015142992345302808,0.0011142884978249904,0.001114288497824971,0.1,0,0.0,0.0
1762438880.490165,138.280829454,3,-0.0885242676698974,-0.0885242676698994,-1.8091666666666741,1.8134930713159034,0.08994934849224256,0.08994934849224337,1.8091666666666744,1.8136333141972671,0.0024412914780548634,0.0024412914780548903,0.0,0.0,0.0,0,0.0,0.0
1762438880.5903325,138.381000394,3,-0.08848847336801224,-0.08848847336801247,-1.8066666666666742,1.8109955450752702,0.0880004453887671,0.08800044538876901,1.8085052382825568,1.8127822135250253,0.015236281232162835,0.015236281232163293,0.001114485166951802,0.0011144851669518394,0.1,0,0.0,0.0
1762438880.6902053,138.480867912,3,-0.08845521281499114,-0.08845521281499025,-1.8041666666666738,1.8084982749395775,0.08988203981567919,0.08988203981567858,1.8041666666666738,1.8086389698538488,0.0024394875050204497,0.0024394875050204306,0.0,0.0,0.0,0,0.0,0.0
1762438880.790334,138.580991733,3,-0.0884167136222862,-0.08841671362228265,-1.8016666666666739,1.8060005006293143,0.08793054535086305,0.0879305453508604,1.8035052392149684,1.8077872412115426,0.015223909398816005,0.015223909398815462,0.0011135620485204977,0.001113562048520448,0.1,0,0.0,0.0
1762438880.8902414,138.680935971,3,-0.08854757296522564,-0.08854757296522076,-1.799166666666674,1.8035193483299627,0.08989010585687489,0.08989010585687028,1.7991666666666737,1.803652171763278,0.0023490774188285606,0.0023490774188284426,0.0,0.0,0.0,0,0.0,0.0
1762438880.9905589,138.781217326,3,-0.08850940366402771,-0.08850940366402549,-1.7966666666666744,1.8010216379002952,0.08784748197273816,0.08784748197273447,1.798532667312369,1.802818381193082,0.01512216376766172,0.015122163767661054,0.0011037345201118684,0.0011037345201118222,0.1,0,0.0,0.0
1762438881.0904043,138.881071355,3,-0.08848311918777885,-0.08848311918777796,-1.7941666666666745,1.7985251047845294,0.08982314781158253,0.08982314781158131,1.7941666666666747,1.7986579506797198,0.002347318958077823,0.0023473189580777995,0.0,0.0,0.0,0,0.0,0.0
1762438881.1903105,138.980996016,3,-0.08847047995136581,-0.08847047995136448,-1.7916666666666736,1.7960299262791026,0.08791505951723975,0.08791505951723837,1.7934953672244083,1.7977996961940044,0.015120735736692563,0.015120735736692354,0.001103887107903927,0.0011038871079039113,0.1,0,0.0,0.0
1762438881.290226,139.080941312,3,-0.08846503564279384,-0.08846503564278985,-1.7891666666666741,1.7935354711222464,0.08988602019815413,0.08988602019815041,1.7891666666666741,1.7936767697568208,0.00243954770162746,0.0024395477016273728,0.0,0.0,0.0,0,0.0,0.0
1762438881.3901665,139.180881305,3,-0.08846222701292916,-0.08846222701292783,-1.7866666666666742,1.7910412918171312,0.08795200381568348,0.08795200381568082,1.7885052420434837,1.7928251757400684,0.015211275488377194,0.015211275488376821,0.0011037474160413721,0.0011037474160413496,0.1,0,0.0,0.0
1762438881.4904478,139.281117748,3,-0.08846412048999763,-0.08846412048999541,-1.7841666666666742,1.788547593907584,0.08988381242503983,0.08988381242503853,1.7841666666666747,1.788689155196227,0.002439476573474699,0.0024394765734746674,0.0,0.0,0.0,0,0.0,0.0
1762438881.590918,139.381590161,3,-0.088470178446026,-0.088470178446026,-1.7816666666666743,1.786054326178149,0.08795373788529001,0.08795373788528883,1.7835052429968938,1.7878374287986585,0.015211564200943951,0.015211564200943823,0.001103782218047241,0.0011037822180472352,0.1,0,0.0,0.0
1762438881.6902037,139.480877621,3,-0.08847623600858956,-0.08847623600859222,-1.779166666666674,1.7835610772985317,0.0898964063853593,0.08989640638536005,1.7791666666666741,1.783703101847336,0.002439814065193517,0.002439814065193523,0.0,0.0,0.0,0,0.0,0.0
1762438881.790176,139.58087941,3,-0.088459991422015,-0.08845999142201899,-1.776666666666674,1.7810656317523048,0.08795923787466536,0.08795923787466786,1.7785052439556666,1.7828501220890076,0.015212584533292597,0.015212584533293065,0.001103831914547102,0.0011038319145471429,0.1,0,0.0,0.0
1762438881.89027,139.680929064,3,-0.08859022324815857,-0.08859022324816568,-1.774166666666674,1.778584779093045,0.08993358530149023,0.0899335853014964,1.7741666666666742,1.7787196127106428,0.0023502180002799196,0.0023502180002800757,0.0,0.0,0.0,0,0.0,0.0
1762438881.9903944,139.781081083,3,-0.08855464508868938,-0.08855464508869604,-1.771666666666674,1.7760874494549452,0.08789091142601985,0.08789091142602641,1.7735326719500606,1.777882944149281,0.015113139549784393,0.015113139549785501,0.0010941259403569902,0.001094125940357071,0.1,0,0.0,0.0
1762438882.090244,139.880897223,3,-0.08852880635109361,-0.0885288063510985,-1.7691666666666745,1.7735911010016858,0.08986880142765234,0.08986880142765721,1.7691666666666745,1.7737258800007851,0.0023485061060166887,0.002348506106016807,0.0,0.0,0.0,0,0.0,0.0
1762438882.1902914,139.980982165,3,-0.08851657704119287,-0.08851657704119287,-1.7666666666666737,1.7710961238547485,0.08783754581226276,0.08783754581226533,1.7685326728933328,1.7728899243889564,0.015103898396459793,0.015103898396460223,0.0010934912617102449,0.0010934912617102685,0.1,0,0.0,0.0
1762438882.2903554,140.081013179,3,-0.08851307808327391,-0.08851307808327169,-1.7641666666666738,1.7686020348742546,0.08993372066945998,0.08993372066945794,1.764166666666674,1.7687453677691167,0.0024408304519849145,0.0024408304519848616,0.0,0.0,0.0,0,0.0,0.0
1762438882.3902905,140.180833735,3,-0.0884949125467358,-0.08849491254673669,-1.7616666666666743,1.7661064926945318,0.08799532999239726,0.08799532999239605,1.7635052468646017,1.767890582564408,0.01520239744293859,0.015202397442938267,0.0010941380861604624,0.0010941380861604407,0.1,0,0.0,0.0
1762438882.4902072,140.280837774,3,-0.0884698437376299,-0.08846984373762767,-1.7591666666666743,1.7636102708969064,0.08989449522937709,0.08989449522937562,1.7591666666666739,1.763754348444314,0.0024398075527331674,0.002439807552733128,0.0,0.0,0.0,0,0.0,0.0
1762438882.5901427,140.380826377,3,-0.08845034139177788,-0.08845034139177965,-1.7566666666666744,1.761114619654964,0.0879509036673861,0.08795090366738549,1.7585052478452743,1.7628985874437557,0.015177802041683125,0.015177802041683022,0.0010833988743713574,0.001083398874371355,0.1,0,0.0,0.0
1762438882.6901078,140.480766554,3,-0.08843749064420692,-0.08843749064420958,-1.754166666666674,1.7586196501652536,0.0898601064582688,0.0898601064582714,1.7541666666666738,1.7587638761101083,0.0024388598600394535,0.0024388598600395242,0.0,0.0,0.0,0,0.0,0.0
1762438882.790292,140.580946827,3,-0.08842597511693384,-0.08842597511693562,-1.751666666666674,1.7561248296353817,0.08792154169709863,0.0879215416971008,1.753505248831541,1.757908146823535,0.015189307624872245,0.015189307624872592,0.0010931858954050305,0.001093185895405054,0.1,0,0.0,0.0
1762438882.890204,140.680883161,3,-0.08858426764063498,-0.08858426764063365,-1.749166666666674,1.7536471631216637,0.0899230392696975,0.08992303926969691,1.7491666666666739,1.7537834341106093,0.0023499000291134133,0.002349900029113403,0.0,0.0,0.0,0,0.0,0.0
1762438882.9902303,140.780945842,3,-0.08855875631044619,-0.08855875631044574,-1.7466666666666741,1.7511509789515514,0.08801275432032402,0.08801275432032354,1.7484953760352382,1.752920012397231,0.01510490999556442,0.015104909995564434,0.0010848462429827906,0.0010848462429827953,0.1,0,0.0,0.0
1762438883.0903385,140.881035537,3,-0.08853567393717743,-0.08853567393717476,-1.7441666666666742,1.7486550523845912,0.08995927780328636,0.08995927780328354,1.7441666666666744,1.7488003615155492,0.002441548258987338,0.0024415482589872626,0.0,0.0,0.0,0,0.0,0.0
1762438883.190843,140.981508767,3,-0.0885230151150207,-0.08852301511501626,-1.7416666666666738,1.746160194881303,0.08801869943000597,0.08801869943000253,1.7435052508210438,1.7479431176497848,0.015189768600169707,0.015189768600169143,0.0010842736915664228,0.001084273691566381,0.1,0,0.0,0.0
1762438883.2903101,141.080972072,3,-0.08851591561918948,-0.08851591561918415,-1.7391666666666743,1.7436659167054558,0.0899380523637129,0.08993805236370794,1.739166666666674,1.7438114579765855,0.002440959045315079,0.0024409590453149405,0.0,0.0,0.0,0,0.0,0.0
1762438883.3902316,141.18082223,3,-0.08848819835829502,-0.08848819835829191,-1.736666666666674,1.7411695591206875,0.08799527974100703,0.08799527974100257,1.738505251824378,1.7429534845010464,0.015185845294438189,0.015185845294437363,0.001083983914547183,0.0010839839145471242,0.1,0,0.0,0.0
1762438883.4901128,141.280797353,3,-0.08845518479836212,-0.08845518479835768,-1.7341666666666744,1.7386726739709313,0.0898811464843155,0.08988114648431042,1.734166666666674,1.7388189292633296,0.0024394604450653106,0.0024394604450651705,0.0,0.0,0.0,0,0.0,0.0
1762438883.5901518,141.380820467,3,-0.08842730828278267,-0.08842730828277912,-1.7316666666666745,1.7361763223085227,0.08793389786001175,0.08793389786000685,1.7335052528334978,1.737960069272893,0.015174857414453078,0.015174857414452207,0.0010831738457933015,0.0010831738457932408,0.1,0,0.0,0.0
1762438883.690203,141.480866021,3,-0.08840615552258946,-0.0884061555225899,-1.7291666666666736,1.73368066776431,0.08983008803131491,0.0898300880313139,1.7291666666666736,1.7338270532387487,0.00243806451582861,0.0024380645158285762,0.0,0.0,0.0,0,0.0,0.0
1762438883.7901728,141.580851119,3,-0.08838978078081627,-0.08838978078081539,-1.7266666666666741,1.7311855141696297,0.08788816480812839,0.08788816480812901,1.7285052538484575,1.7329682834975377,0.015166807140384417,0.015166807140384623,0.001082612724784434,0.0010826127247844561,0.1,0,0.0,0.0
1762438883.8901114,141.680780147,3,-0.08853545356903414,-0.08853545356903281,-1.7241666666666737,1.7287069582557413,0.08987690639565482,0.08987690639565306,1.7241666666666737,1.7288453982502239,0.002348725962628187,0.002348725962628149,0.0,0.0,0.0,0,0.0,0.0
1762438883.990283,141.780964545,3,-0.0885073398372338,-0.08850733983723158,-1.7216666666666742,1.7262106503904047,0.08796225728975628,0.08796225728975468,1.7234953811289517,1.7279788905504168,0.01507932947256675,0.015079329472566504,0.0010740510478165059,0.0010740510478164879,0.1,0,0.0,0.0
1762438884.0902197,141.880873894,3,-0.08848124181276873,-0.08848124181276695,-1.7191666666666743,1.7237145610811737,0.08990597531171951,0.0899059753117168,1.719166666666674,1.7238620004429897,0.0024401153901095493,0.002440115390109477,0.0,0.0,0.0,0,0.0,0.0
1762438884.1900518,141.980745304,3,-0.08862078334130352,-0.0886207833413053,-1.716666666666674,1.721235524535943,0.08795253947634651,0.08795253947634538,1.718532682627943,1.7230281134273668,0.015074404946651524,0.01507440494665125,0.001064542952851134,0.0010645429528511165,0.1,0,0.0,0.0
1762438884.2901812,142.080886427,3,-0.08841593585876595,-0.08841593585876684,-1.714166666666674,1.718721070022329,0.0898434706436597,0.08984347064366074,1.7141666666666737,1.7188691222852692,0.002438452417168219,0.0024384524171682533,0.0,0.0,0.0,0,0.0,0.0
1762438884.3904457,142.181129436,3,-0.08854450146682424,-0.08854450146682691,-1.711666666666674,1.7162409607213727,0.08788362204088361,0.08788362204088458,1.7135326836326488,1.7180341439923006,0.015062174675304256,0.015062174675304473,0.0010636429889832575,0.0010636429889832742,0.1,0,0.0,0.0
1762438884.490498,142.28116967,3,-0.08850192330685402,-0.08850192330685536,-1.709166666666674,1.7137432349399646,0.08984507309941428,0.08984507309941557,1.7091666666666738,1.7138830090659476,0.002347916312172084,0.002347916312172118,0.0,0.0,0.0,0,0.0,0.0
1762438884.5903432,142.381028027,3,-0.08847158797242116,-0.08847158797242294,-1.7066666666666745,1.7112467837421526,0.08780431781079251,0.08780431781079331,1.708532684643236,1.7130391504418867,0.015048287022467586,0.01504828702246761,0.0010626601936466768,0.0010626601936466744,0.1,0,0.0,0.0
1762438884.6904304,142.48111485,3,-0.08845102659407367,-0.088451026594075,-1.7041666666666742,1.7087513558118672,0.08987412265295844,0.08987412265296008,1.704166666666674,1.7088998635446961,0.0024392448078690864,0.0024392448078691367,0.0,0.0,0.0,0,0.0,0.0
1762438884.7902923,142.580956237,3,-0.08843965327829117,-0.0884396532782934,-1.7016666666666738,1.7062568941951377,0.08793421992492026,0.08793421992492145,1.70350525901263,1.7080383548244158,0.015141826806552376,0.015141826806552561,0.00106299100845258,0.0010629910084525916,0.1,0,0.0,0.0
1762438884.8903618,142.680891324,3,-0.0884347096293725,-0.08843470962937561,-1.6991666666666743,1.7037631164119031,0.08985736460627218,0.08985736460627361,1.6991666666666743,1.7039119851269038,0.0024387788946502523,0.002438778894650282,0.0,0.0,0.0,0,0.0,0.0
1762438884.9901643,142.780828682,3,-0.08841233685944516,-0.08841233685944427,-1.6966666666666743,1.7012675452131858,0.08791495918857001,0.0879149591885717,1.6985052600637056,1.7030496758939042,0.015138466702080428,0.015138466702080768,0.0010627434453511094,0.0010627434453511332,0.1,0,0.0,0.0
1762438885.0899153,142.880587633,3,-0.08839278061655431,-0.0883927806165512,-1.6941666666666744,1.6987722807294456,0.08981627677406423,0.08981627677406272,1.6941666666666744,1.6989216054873106,0.0024376856662223605,0.002437685666222325,0.0,0.0,0.0,0,0.0,0.0
1762438885.189966,142.980670116,3,-0.08837966859052315,-0.08837966859052448,-1.691666666666674,1.6962777021323712,0.08787623463169089,0.08787623463168971,1.693505261120988,1.698059049229606,0.015131694254808807,0.01513169425480863,0.001062272840094925,0.0010622728400949168,0.1,0,0.0,0.0
1762438885.2904174,143.081074134,3,-0.08836686199540278,-0.08836686199540411,-1.6891666666666736,1.6937831715941774,0.0897898332674861,0.0897898332674882,1.6891666666666738,1.6939328369490354,0.002436965181624953,0.002436965181625015,0.0,0.0,0.0,0,0.0,0.0
1762438885.3901072,143.180813882,3,-0.0883496518718605,-0.08834965187186361,-1.686666666666674,1.6912881973265903,0.08784867040027325,0.0878486704002755,1.688505262184534,1.6930696377311403,0.015126781920191774,0.015126781920192166,0.0010619177415142433,0.0010619177415142733,0.1,0,0.0,0.0
1762438885.4900782,143.280744221,3,-0.08833290405321126,-0.08833290405321259,-1.6841666666666741,1.6887932866363733,0.0897566559607628,0.08975665596076428,1.6841666666666741,1.688943419919582,0.002436080279424938,0.0024360802794249764,0.0,0.0,0.0,0,0.0,0.0
1762438885.5902748,143.380945144,3,-0.08847402823107497,-0.08847402823107631,-1.6816666666666742,1.68631494244719,0.08792874687187152,0.08792874687187362,1.683495389593562,1.6880816496353768,0.015040572092675692,0.015040572092676157,0.001053467215127147,0.001053467215127184,0.1,0,0.0,0.0
1762438885.6902895,143.480958448,3,-0.08845179137647996,-0.08845179137648218,-1.6791666666666738,1.6838195073225293,0.08987535257532393,0.08987535257532492,1.6791666666666738,1.6839702647153678,0.0024392836352903112,0.0024392836352903294,0.0,0.0,0.0,0,0.0,0.0
1762438885.7899868,143.58070301,3,-0.08844097545418261,-0.08844097545418483,-1.6766666666666739,1.681325287798203,0.08793571056240145,0.08793571056240303,1.6785052643306324,1.6831058495441917,0.015125667736385,0.015125667736385245,0.001052940799607984,0.0010529407996080018,0.1,0,0.0,0.0
1762438885.8899345,143.680595357,3,-0.08843884917207934,-0.08843884917208156,-1.674166666666674,1.678832001083958,0.08985931408777002,0.08985931408777155,1.6741666666666744,1.6789828529304438,0.0024388223908638883,0.002438822390863928,0.0,0.0,0.0,0,0.0,0.0
1762438885.9900858,143.780746483,3,-0.08842708474530436,-0.08842708474530259,-1.6716666666666744,1.6763377174894014,0.0879230619797261,0.08792306197972663,1.6735052654133002,1.6781182327302873,0.01512358439282593,0.015123584392825936,0.0010528055131253918,0.0010528055131253866,0.1,0,0.0,0.0
1762438886.0901906,143.880854071,3,-0.08841116411207839,-0.08841116411207484,-1.6691666666666745,1.6738430120505454,0.08983475099317995,0.0898347509931763,1.6691666666666747,1.6739946015692972,0.0024381842359664343,0.0024381842359663406,0.0,0.0,0.0,0,0.0,0.0
1762438886.1901608,143.98082085,3,-0.08839685761655058,-0.08839685761654836,-1.6666666666666736,1.6713484934778748,0.08789404094013846,0.08789404094013503,1.6685052665024558,1.6731289696888294,0.015118281120296475,0.015118281120295821,0.0010524153505514805,0.0010524153505514333,0.1,0,0.0,0.0
1762438886.2902255,144.080766506,3,-0.08838653821350739,-0.08838653821350917,-1.6641666666666741,1.6688544138777373,0.08980871646961502,0.08980871646961591,1.6641666666666746,1.6690062628858857,0.0024374706809025463,0.002437470680902566,0.0,0.0,0.0,0,0.0,0.0
1762438886.3901262,144.180829788,3,-0.08838213200846301,-0.08838213200846079,-1.6616666666666742,1.6663609793882772,0.08787291169422869,0.0878729116942297,1.6635052675981596,1.6681406033503496,0.015114696952564812,0.015114696952565067,0.0010521832731188742,0.0010521832731188925,0.1,0,0.0,0.0
1762438886.4901967,144.280880984,3,-0.08853049391835821,-0.08853049391835555,-1.6591666666666742,1.663883807387,0.08995452253315185,0.0899545225331493,1.659166666666674,1.664036556096691,0.002441421965849167,0.002441421965849094,0.0,0.0,0.0,0,0.0,0.0
1762438886.5902512,144.380915578,3,-0.0885093298633075,-0.08850932986330484,-1.6566666666666747,1.6613886503133979,0.08801147882099725,0.08801147882099444,1.6585052687004695,1.663169193773061,0.015105875229284214,0.015105875229283687,0.0010337356641906797,0.0010337356641906428,0.1,0,0.0,0.0
1762438886.6900692,144.480730491,3,-0.08847223527416048,-0.08847223527415515,-1.6541666666666734,1.6588918089917575,0.08989974068434294,0.0898997406843376,1.6541666666666732,1.659045294095781,0.0024399735458248703,0.0024399735458247424,0.0,0.0,0.0,0,0.0,0.0
1762438886.790088,144.58074969,3,-0.08843768346911673,-0.08843768346911007,-1.651666666666674,1.6563952503833643,0.08794819902752478,0.08794819902751876,1.6535052698094435,1.658176543288431,0.015110947707193,0.015110947707191812,0.0010429533111412383,0.0010429533111411477,0.1,0,0.0,0.0
1762438886.8900123,144.680671415,3,-0.08841394105510947,-0.08841394105510592,-1.649166666666674,1.6538998592388419,0.08983802360332473,0.08983802360332169,1.6491666666666742,1.6540533351178166,0.002438278325372487,0.002438278325372408,0.0,0.0,0.0,0,0.0,0.0
1762438886.9899802,144.780649636,3,-0.0883997687128657,-0.08839976871285948,-1.646666666666674,1.6514055072356124,0.08789678609712015,0.08789678609711636,1.6485052709251478,1.6531852038656771,0.015102221195766766,0.015102221195766218,0.0010423869777916811,0.0010423869777916434,0.1,0,0.0,0.0
1762438887.0900302,144.88070764,3,-0.0883919001127147,-0.08839190011271203,-1.6441666666666745,1.648911848398475,0.08981358640826564,0.08981358640826155,1.6441666666666748,1.649065489416607,0.0024375962051351027,0.0024375962051349813,0.0,0.0,0.0,0,0.0,0.0
1762438887.190139,144.980795608,3,-0.0883854409330267,-0.08838544093302536,-1.6416666666666737,1.6464183601935196,0.0878768666532851,0.08787686665328383,1.643505272047641,1.6481972778262888,0.015098832189579883,0.01509883218957979,0.0010421686787707972,0.0010421686787708026,0.1,0,0.0,0.0
1762438887.2902079,145.080867646,3,-0.08838376435230355,-0.08838376435230577,-1.6391666666666738,1.6439254060672284,0.08980516126952591,0.08980516126952716,1.6391666666666735,1.6440794673897077,0.002437365465092097,0.0024373654650921162,0.0,0.0,0.0,0,0.0,0.0
1762438887.3900228,145.180686936,3,-0.0883836513319487,-0.08838365133194959,-1.6366666666666743,1.6414326417563827,0.08787132131729712,0.08787132131729784,1.6385052731769845,1.6432109628556157,0.015097968037271618,0.0150979680372717,0.0010421208529178615,0.0010421208529178677,0.1,0,0.0,0.0
1762438887.4900265,145.280699403,3,-0.08838665385936029,-0.08838665385936428,-1.6341666666666743,1.6389402355197027,0.08980687281337726,0.08980687281338046,1.6341666666666745,1.6390946413351204,0.002437401279039329,0.0024374012790394184,0.0,0.0,0.0,0,0.0,0.0
1762438887.5900674,145.38077152,3,-0.08854977389674179,-0.08854977389674445,-1.6316666666666744,1.6364651649288062,0.08786625472697368,0.08786625472697675,1.6335327005444216,1.638252129920008,0.015010149945681206,0.0150101499456818,0.0010333258481828446,0.0010333258481828873,0.1,0,0.0,0.0
1762438887.6901975,145.480901926,3,-0.08852821975161884,-0.08852821975162017,-1.629166666666674,1.6339701708301115,0.08995237944852165,0.08995237944852244,1.629166666666674,1.634125726165127,0.0024413658079787677,0.002441365807978794,0.0,0.0,0.0,0,0.0,0.0
1762438887.7900972,145.580776595,3,-0.08850583605343054,-0.08850583605343365,-1.626666666666674,1.6314751026220113,0.08800816330908529,0.08800816330908656,1.6285052754564742,1.6332545134814858,0.015105180518058953,0.015105180518059228,0.001033680464033863,0.0010336804640338848,0.1,0,0.0,0.0
1762438887.8900936,145.680749771,3,-0.08848309790495446,-0.08848309790495312,-1.624166666666674,1.628980011645585,0.08990831568739543,0.0899083156873949,1.624166666666674,1.629136081354355,0.002440179421897514,0.002440179421897504,0.0,0.0,0.0,0,0.0,0.0
1762438887.9898467,145.780539362,3,-0.0884484714987499,-0.08844847149874946,-1.6216666666666746,1.626483643323453,0.08795955394618511,0.08795955394618418,1.6235052766067493,1.6282638451524927,0.015096554983682092,0.015096554983681894,0.0010330646458835858,0.0010330646458835708,0.1,0,0.0,0.0
1762438888.0900972,145.880771449,3,-0.08841826459239499,-0.08841826459239543,-1.6191666666666742,1.6239877688799045,0.08984378616832102,0.08984378616832131,1.6191666666666744,1.6241442381360676,0.0024384477711657353,0.0024384477711657444,0.0,0.0,0.0,0,0.0,0.0
1762438888.190256,145.980909436,3,-0.08838985150890633,-0.08838985150890855,-1.6166666666666738,1.6214921038385193,0.08789734366083299,0.08789734366083483,1.618505277764133,1.6232717641219583,0.015085706920917794,0.015085706920918195,0.0010323232998963995,0.0010323232998964325,0.1,0,0.0,0.0
1762438888.2903142,146.080987892,3,-0.08852375651926181,-0.08852375651926536,-1.6141666666666739,1.6190141873110206,0.08986535322760862,0.08986535322761284,1.6141666666666736,1.6191620027653957,0.002348429803210782,0.00234842980321089,0.0,0.0,0.0,0,0.0,0.0
1762438888.3901606,146.180845098,3,-0.08850007356792666,-0.08850007356792755,-1.611666666666674,1.616519090665967,0.08782852279548709,0.08782852279548985,1.6135327050343957,1.6183063643972022,0.014986480221677437,0.014986480221677922,0.0010227353366617838,0.0010227353366618144,0.1,0,0.0,0.0
1762438888.4903047,146.280995113,3,-0.08848461343293401,-0.08848461343293446,-1.6091666666666744,1.6140249114372083,0.08982316973514469,0.08982316973514458,1.6091666666666744,1.6141727803285724,0.0023473066458976352,0.0023473066458976335,0.0,0.0,0.0,0,0.0,0.0
1762438888.5901582,146.380858876,3,-0.08847973595343639,-0.08847973595343595,-1.606666666666674,1.6115319125374405,0.08791935607896385,0.08791935607896405,1.6084954065994188,1.6132938664106142,0.014989496700349254,0.014989496700349363,0.0010232427987389434,0.001023242798738952,0.1,0,0.0,0.0
1762438888.6902385,146.480910967,3,-0.0884812890833393,-0.08848128908333974,-1.6041666666666736,1.6090396426067837,0.08981752250990495,0.08981752250990648,1.6041666666666736,1.609187704757932,0.0023471379101496063,0.002347137910149645,0.0,0.0,0.0,0,0.0,0.0
1762438888.790094,146.580765268,3,-0.08848639829750482,-0.08848639829750216,-1.6016666666666741,1.6065477884203954,0.08791959279079005,0.08791959279078965,1.6034954077897057,1.6083088112659432,0.01498975669100889,0.014989756691008788,0.001023285303383992,0.0010232853033839797,0.1,0,0.0,0.0
1762438888.8902373,146.680908781,3,-0.08849345740592796,-0.08849345740592662,-1.5991666666666742,1.6040561747598214,0.08991257368234785,0.08991257368234676,1.599166666666674,1.604214003675996,0.0024402462896362877,0.0024402462896362482,0.0,0.0,0.0,0,0.0,0.0
1762438888.9901652,146.780812711,3,-0.08849173052460468,-0.08849173052460557,-1.5966666666666742,1.6015636163409017,0.08798143874140267,0.08798143874140239,1.5985052824660664,1.603340452055624,0.015084557458827972,0.01508455745882794,0.001023420311033974,0.0010234203110339752,0.1,0,0.0,0.0
1762438889.0901878,146.880836867,3,-0.08862309699649451,-0.08862309699649673,-1.5941666666666743,1.5990858225103604,0.08996672695912539,0.08996672695912712,1.5941666666666743,1.5992358753575444,0.002351083607462603,0.0023510836074626487,0.0,0.0,0.0,0,0.0,0.0
1762438889.1901486,146.980822755,3,-0.08858272980019777,-0.08858272980019777,-1.591666666666674,1.5965890447499351,0.08792240048779858,0.08792240048780019,1.5935327096370753,1.5983764242813245,0.014986092471199076,0.014986092471199327,0.0010137886868536485,0.0010137886868536625,0.1,0,0.0,0.0
1762438889.2903702,147.08105418,3,-0.08855289590912996,-0.08855289590913218,-1.589166666666674,1.5940934493285688,0.08989363294167393,0.08989363294167514,1.5891666666666737,1.594243527486115,0.0023491577534935255,0.002349157753493562,0.0,0.0,0.0,0,0.0,0.0
1762438889.3902044,147.180899033,3,-0.08853403438210616,-0.08853403438211371,-1.5866666666666744,1.591599089469167,0.08798289210259816,0.08798289210260143,1.5884954114055254,1.5933611174689448,0.014983848319779782,0.014983848319780411,0.0010139424465234572,0.0010139424465235103,0.1,0,0.0,0.0
1762438889.4899418,147.280610618,3,-0.08851969277725313,-0.08851969277725891,-1.584166666666674,1.589105251327476,0.08994330784801384,0.08994330784801971,1.5841666666666738,1.5892651210641624,0.0024411124171752163,0.002441112417175365,0.0,0.0,0.0,0,0.0,0.0
1762438889.5902736,147.380930146,3,-0.08848586200204789,-0.08848586200205366,-1.5816666666666745,1.5866092587631528,0.08799641450901362,0.08799641450901895,1.5835052860704626,1.5883877766294927,0.015069975159782258,0.01506997515978319,0.0010134621281441423,0.001013462128144206,0.1,0,0.0,0.0
1762438889.6900895,147.480750088,3,-0.08845612026170357,-0.08845612026170802,-1.5791666666666737,1.5841137369313607,0.08988103875378772,0.08988103875379246,1.5791666666666737,1.5842741440060346,0.0024394447934344738,0.002439444793434611,0.0,0.0,0.0,0,0.0,0.0
1762438889.7899063,147.580583015,3,-0.08843328655600224,-0.0884332865560018,-1.5766666666666738,1.5816190028322221,0.08793607817682743,0.08793607817682966,1.5785052872871501,1.5833964916229073,0.015059457322783382,0.015059457322783637,0.0010127579868278874,0.0010127579868278915,0.1,0,0.0,0.0
1762438889.8900766,147.680738449,3,-0.08841768797204708,-0.08841768797204752,-1.5741666666666743,1.5791250962280072,0.08984055272787149,0.08984055272787267,1.5741666666666743,1.5792857069806487,0.0024383353738796206,0.00243833537387965,0.0,0.0,0.0,0,0.0,0.0
1762438889.9901435,147.780784472,3,-0.0884088982891651,-0.08840889828916465,-1.5716666666666739,1.5766319728156415,0.0879023520377205,0.0879023520377207,1.5735052885115717,1.5784082298193367,0.015053816535759271,0.0150538165357592,0.001012404217325416,0.001012404217325406,0.1,0,0.0,0.0
1762438890.0900443,147.880748748,3,-0.08840409889566381,-0.0884040988956607,-1.5691666666666744,1.5741393194952313,0.08982572935320314,0.0898257293532013,1.569166666666674,1.5743002734819904,0.0024379221302169947,0.002437922130216945,0.0,0.0,0.0,0,0.0,0.0
1762438890.1901493,147.980835868,3,-0.08854837078360944,-0.08854837078360722,-1.566666666666674,1.5716634730060155,0.08800070994570254,0.08800070994570064,1.5684954163341962,1.5734249651519066,0.01497058032316502,0.01497058032316474,0.0010041658974467935,0.001004165897446778,0.1,0,0.0,0.0
1762438890.2901013,148.080775184,3,-0.08852131407582498,-0.08852131407582364,-1.564166666666674,1.5691683807681556,0.08994668582740778,0.08994668582740782,1.5641666666666743,1.5693304858103674,0.002441223656311128,0.0024412236563111337,0.0,0.0,0.0,0,0.0,0.0
1762438890.390225,148.180896105,3,-0.08849531147194334,-0.0884953114719429,-1.561666666666674,1.5666734241962597,0.08800056903592808,0.08800056903592811,1.5635052909839044,1.5684505077419428,0.015054298097841558,0.015054298097841656,0.0010035261239400254,0.0010035261239400323,0.1,0,0.0,0.0
1762438890.49045,148.281111724,3,-0.08847070750549868,-0.08847070750549557,-1.5591666666666741,1.5641786428082676,0.08989673765911277,0.08989673765911074,1.5591666666666744,1.5643412483623804,0.002439874211349708,0.0024398742113496577,0.0,0.0,0.0,0,0.0,0.0
1762438890.590026,148.380677983,3,-0.08843484203854324,-0.08843484203854812,-1.5566666666666742,1.5616826033749303,0.08794634078326698,0.0879463407832671,1.5585052922319687,1.5634602213134132,0.01504447392673133,0.015044473926731415,0.0010028398447026296,0.0010028398447026457,0.1,0,0.0,0.0
1762438890.6900158,148.480688495,3,-0.08840674190710374,-0.08840674190710152,-1.5541666666666738,1.559187458841001,0.0898315856026889,0.08983158560268882,1.5541666666666736,1.559350331170512,0.0024381113637923823,0.0024381113637923966,0.0,0.0,0.0,0,0.0,0.0
1762438890.7898383,148.580529395,3,-0.08838789554638815,-0.0883878955463806,-1.5516666666666743,1.5566933816916886,0.08788803787012445,0.08788803787012184,1.553505293488069,1.558469541343934,0.015034570916480906,0.015034570916480573,0.0010022040640244173,0.00100220406402439,0.1,0,0.0,0.0
1762438890.8898258,148.680530948,3,-0.08837708650672127,-0.08837708650671372,-1.549166666666674,1.5542002380484843,0.08979923328142148,0.08979923328141433,1.5491666666666741,1.5543632669704321,0.002437213362397705,0.002437213362397504,0.0,0.0,0.0,0,0.0,0.0
1762438890.990059,148.780723997,3,-0.08837174428378347,-0.08837174428377415,-1.5466666666666744,1.5517077392838243,0.08786303493524063,0.08786303493523202,1.5485052947522777,1.553482691790256,0.015030517447811361,0.015030517447809867,0.0010019635807042794,0.0010019635807041757,0.1,0,0.0,0.0
1762438891.090274,148.880974766,3,-0.08852389530632898,-0.08852389530632232,-1.5441666666666745,1.5492332472952157,0.08986434446745739,0.0898643444674503,1.5441666666666742,1.5493875871639085,0.002348390149041189,0.0023483901490409923,0.0,0.0,0.0,0,0.0,0.0
1762438891.19018,148.980866389,3,-0.08850147090782023,-0.08850147090781668,-1.5416666666666736,1.5467388699508484,0.08795257806213534,0.08795257806213005,1.5434954226746522,1.5484990900201248,0.014945448509541258,0.014945448509540432,0.0009935812973085201,0.000993581297308476,0.1,0,0.0,0.0
1762438891.290141,149.08079669,3,-0.08848556008075548,-0.0884855600807537,-1.5391666666666741,1.5442452578730526,0.08990897904385013,0.08990897904384881,1.5391666666666741,1.5444096855443556,0.0024401857569853647,0.002440185756985313,0.0,0.0,0.0,0,0.0,0.0
1762438891.3901114,149.180758312,3,-0.08014520228894106,-0.0801452022889424,-1.5391666666666741,1.5433342264971872,0.08579162025872693,0.08579162025872646,1.5391666666666732,1.543941200950034,0.014882132385293916,0.014882132385293817,0.0009781820074511016,0.0009781820074510983,0.1,0,0.0,0.0
1762438891.4899383,149.280610106,3,-0.08865224483678702,-0.08865224483678835,-1.5341666666666742,1.5392809367169913,0.09003523977073505,0.09003523977073621,1.5341666666666745,1.539441473363727,0.0024432297749031606,0.0024432297749031897,0.0,0.0,0.0,0,0.0,0.0
1762438891.5901673,149.380851309,3,-0.08049432447229776,-0.08049432447230354,-1.5341666666666742,1.5383842282263682,0.08601789581895539,0.08601789581895786,1.5341666666666736,1.5389819745251647,0.01492744365132701,0.014927443651327412,0.0009816874420911915,0.0009816874420912208,0.1,0,0.0,0.0
1762438891.690096,149.48080305,3,-0.08911701133555106,-0.0891170113355515,-1.529166666666674,1.5343514518724932,0.09056535827955534,0.09056535827955654,1.5291666666666737,1.5345210531905629,0.002548665186629437,0.0025486651866294873,0.0,0.0,0.0,0,0.0,0.0
1762438891.790268,149.580930799,3,-0.08118639110939974,-0.08118639110940107,-1.529166666666674,1.533470950049985,0.0866649344065767,0.08666493440657755,1.5291666666666746,1.5340705056013109,0.01502732819018664,0.015027328190186807,0.0009796182488246662,0.0009796182488246783,0.1,0,0.0,0.0
1762438891.8900747,149.680778766,3,-0.08152152550806768,-0.08152152550806857,-1.526666666666674,1.5310135954175776,0.0839580301449544,0.08395803014495547,1.5287855749826327,1.5333894599633262,0.027369880311890776,0.02736988031189131,0.0031968337111042346,0.0031968337111043213,0.2,0,0.0,0.0
1762438891.990104,149.780790598,3,-0.08198016790209017,-0.08198016790208795,-1.524166666666674,1.528569764072386,0.08331660563651963,0.08331660563651658,1.5241666666666742,1.5287142772040112,0.0022614292703925292,0.0022614292703924343,0.00022614292703925293,0.00022614292703924352,0.1,0,0.0,0.0
1762438892.0912037,149.881868624,3,-0.08250637806657579,-0.08250637806657224,-1.521666666666674,1.526133693123835,0.08164191760902555,0.08164191760902174,1.5235053011977995,1.5278740812644067,0.014741272146966054,0.014741272146965061,0.0024680419908478775,0.0024680419908476997,0.2,0,0.0,0.0
1762438892.1903298,149.981006035,3,-0.08304667550968681,-0.08304667550968503,-1.5191666666666745,1.5236997282068265,0.08437546387380418,0.08437546387380207,1.5191666666666745,1.5238457267449925,0.0022899424307770825,0.0022899424307770175,0.00022899424307770835,0.0002289942430777018,0.1,0,0.0,0.0
1762438892.2908022,150.081371991,3,-0.08373707855511547,-0.0837370785551168,-1.5166666666666742,1.5212828712726938,0.08269984831358454,0.08269984831358397,1.5185327279769134,1.5230299326537171,0.0148468711544365,0.014846871154436437,0.0024828706134618537,0.002482870613461848,0.2,0,0.0,0.0
1762438892.39066,150.18132055,3,-0.08435823351796401,-0.08435823351796357,-1.5141666666666738,1.518859215848858,0.0856259780213166,0.08562597802131695,1.5141666666666735,1.5190010897523014,0.010823433509182937,0.010823433509183047,0.0009954598914109997,0.0009954598914110088,0.1,0,0.0,0.0
1762438892.4902148,150.280876555,3,-0.08475841201569168,-0.08475841201568723,-1.5116666666666743,1.5164115826272158,0.08393287928367468,0.0839328792836736,1.5134954305596904,1.5181429032784621,0.023615961067614398,0.02361596106761399,0.0032749189606121726,0.0032749189606120794,0.2,0,0.0,0.0
1762438892.590316,150.381017543,3,-0.08513203250468848,-0.08513203250468004,-1.5091666666666743,1.513961344848196,0.0864898670769936,0.08648986707698458,1.5091666666666743,1.5141152604712071,0.011011762681090942,0.011011762681089917,0.0010045708454092864,0.0010045708454091925,0.1,0,0.0,0.0
1762438892.6901963,150.480872997,3,-0.08548619341305219,-0.08548619341304509,-1.5066666666666744,1.5115092533534071,0.08461566365464994,0.08461566365464192,1.5085420550798272,1.5132807912003314,0.0239066091304406,0.02390660913043862,0.003302758524783069,0.003302758524782812,0.2,0,0.0,0.0
1762438892.7900975,150.580765503,3,-0.08582217064799202,-0.08582217064799247,-1.504166666666674,1.509055416828885,0.08718669865486671,0.08718669865486373,1.5041666666666742,1.5092118479377912,0.011100133990760108,0.011100133990759386,0.0010126341810046944,0.0010126341810046287,0.1,0,0.0,0.0
1762438892.890304,150.681006538,3,-0.08613385955611008,-0.08613385955611452,-1.5016666666666736,1.5065991043744393,0.08541377620362682,0.08541377620362818,1.5035053065085509,1.508349837746568,0.024102288847401714,0.024102288847401718,0.0033291503749478713,0.003329150374947943,0.2,0,0.0,0.0
1762438892.9898112,150.780481287,3,-0.08656095911339357,-0.08656095911339623,-1.499166666666674,1.5041563395238304,0.08778007932538565,0.0877800793253897,1.4991666666666745,1.504297636472653,0.010999334868648656,0.010999334868649352,0.0010109439715020132,0.001010943971502076,0.1,0,0.0,0.0
1762438893.090012,150.880673084,3,-0.08675062219908902,-0.08675062219909391,-1.4966666666666741,1.5016865358705833,0.08601592114201718,0.08601592114202053,1.4984852621257587,1.5034146328235347,0.024084130629085237,0.02408413062908649,0.00333269631033447,0.0033326963103346347,0.2,0,0.0,0.0
1762438893.190167,150.980834194,3,-0.0869187278799366,-0.08691872787994681,-1.4941666666666744,1.499214380364041,0.08831056250754042,0.0883105625075512,1.4941666666666746,1.4993770502040507,0.011227956860977198,0.011227956860978544,0.0010152132762826591,0.0010152132762827801,0.1,0,0.0,0.0
1762438893.290025,151.080721673,3,-0.08708356119787553,-0.08708356119788618,-1.4916666666666738,1.4967419743249923,0.08646283881999406,0.08646283882000468,1.493505309217264,1.4985025037195572,0.02436367067953205,0.024363670679535026,0.0033459321128482006,0.0033459321128486105,0.2,0,0.0,0.0
1762438893.3900526,151.180689302,3,-0.08722390039559791,-0.08722390039560057,-1.4891666666666739,1.4942668365160139,0.08862138562158645,0.08862138562158893,1.4891666666666736,1.4944312834955351,0.011267500091524071,0.011267500091524305,0.001018788586144849,0.0010187885861448708,0.1,0,0.0,0.0
1762438893.4898946,151.280599862,3,-0.08735303979950615,-0.08735303979951059,-1.486666666666674,1.49179049631717,0.08675499051823878,0.08675499051824276,1.4885053105852684,1.4935531180377168,0.024444922512436504,0.024444922512437395,0.0033568317431437837,0.003356831743143924,0.2,0,0.0,0.0
1762438893.5899906,151.380675002,3,-0.08746403131648606,-0.0874640313164945,-1.4841666666666744,1.4893121257791233,0.08886670461509008,0.08886670461509785,1.4841666666666744,1.4894781894417792,0.011282511428504297,0.011282511428505339,0.001011013387826572,0.0010110133878266662,0.1,0,0.0,0.0
1762438893.6899934,151.480699169,3,-0.08755713342977067,-0.08755713342978089,-1.4816666666666745,1.4868317370637516,0.0869830356971341,0.08698303569714375,1.4835053119624944,1.488596690718852,0.024492242563006604,0.024492242563009227,0.003354722487913869,0.0033547224879142416,0.2,0,0.0,0.0
1762438893.790051,151.58070537,3,-0.08764623005214922,-0.08764623005216032,-1.4791666666666738,1.4843509527946919,0.0890506137628937,0.08905061376290578,1.479166666666674,1.4845181209405622,0.01132210198887263,0.011322101988874187,0.0010237252599437743,0.0010237252599439154,0.1,0,0.0,0.0
1762438893.8901963,151.680880506,3,-0.08790638221260494,-0.08790638221260938,-1.476666666666674,1.4818905183959723,0.0871574986361193,0.08715749863612733,1.478532738518944,1.483661658872851,0.024471400787490074,0.02447140078749261,0.0033547097540370116,0.003354709754037323,0.2,0,0.0,0.0
1762438893.9900415,151.780703185,3,-0.08797145765466041,-0.08797145765466574,-1.4741666666666742,1.4794070825283032,0.08938296819930766,0.08938296819931348,1.4741666666666742,1.4795762876983976,0.011348110328895105,0.011348110328895869,0.0010168909042872485,0.0010168909042873183,0.1,0,0.0,0.0
1762438894.089951,151.880623568,3,-0.08800517436519506,-0.08800517436520217,-1.4716666666666742,1.4769199704817786,0.08747154472278745,0.08747154472279323,1.4735053147449857,1.4786887619962834,0.02461148401958072,0.024611484019582464,0.0033605875711936544,0.0033605875711939055,0.2,0,0.0,0.0
1762438894.1899743,151.980631083,3,-0.08802534886029001,-0.08802534886029356,-1.4691666666666745,1.4744312864723197,0.08944244223638402,0.08944244223638684,1.4691666666666747,1.4746018430040315,0.011355956576544157,0.011355956576544543,0.0010175908099088458,0.001017590809908881,0.1,0,0.0,0.0
1762438894.2898695,152.080575612,3,-0.08804661560925275,-0.08804661560925275,-1.4666666666666737,1.4719427720368814,0.08752007159471838,0.08752007159472086,1.4685053161504438,1.4737121121257042,0.024625634979887987,0.02462563497988845,0.00336238360157361,0.0033623836015736473,0.2,0,0.0,0.0
1762438894.389945,152.180637959,3,-0.08823314281044148,-0.0882331428104477,-1.464166666666674,1.4694741245623266,0.08956814954944349,0.08956814954944745,1.464166666666674,1.4696356468884466,0.011273390972591935,0.011273390972592251,0.0010092769976460295,0.001009276997646057,0.1,0,0.0,0.0
1762438894.4903421,152.281044572,3,-0.08823787564226393,-0.08823787564226615,-1.461666666666674,1.466983738778377,0.08754781744106926,0.08754781744107314,1.4635327426207696,1.4687604738011102,0.024547585593825996,0.024547585593826766,0.0033460401609597674,0.0033460401609598698,0.2,0,0.0,0.0
1762438894.5902715,152.380967857,3,-0.08824728169770069,-0.0882472816976998,-1.4591666666666743,1.4644939489684483,0.08966615953961081,0.08966615953961023,1.4591666666666745,1.4646663106128643,0.011367811799383346,0.011367811799383228,0.001009442555368412,0.0010094425553684031,0.1,0,0.0,0.0
1762438894.6901436,152.480807395,3,-0.08826360300679248,-0.0882636030067876,-1.4566666666666743,1.4620050290642916,0.08773997901569898,0.08773997901569594,1.4585053189902657,1.4637740171755498,0.024653529020428507,0.024653529020427625,0.0033476118253890925,0.0033476118253889407,0.2,0,0.0,0.0
1762438894.7900276,152.5806974,3,-0.08828665270781322,-0.08828665270780744,-1.4541666666666737,1.4595169613735786,0.08970277079341518,0.08970277079340884,1.4541666666666737,1.4596896480486856,0.011372277442065402,0.011372277442064474,0.0010098410656246724,0.0010098410656245898,0.1,0,0.0,0.0
1762438894.890361,152.681070594,3,-0.0883133317788598,-0.08831333177885847,-1.4516666666666738,1.457029375218941,0.0877829013773353,0.08778290137733025,1.4535053204248298,1.4587972415835355,0.02466498324756379,0.024664983247562382,0.0033492451471001886,0.0033492451471000277,0.2,0,0.0,0.0
1762438894.990457,152.7811569,3,-0.08834122549499845,-0.08834122549499845,-1.4491666666666743,1.4545419801510426,0.08967345756196965,0.0896734575619683,1.4491666666666743,1.4547050167508313,0.011286408409777533,0.011286408409777408,0.0010104445692891099,0.0010104445692890993,0.1,0,0.0,0.0
1762438895.0903869,152.881059268,3,-0.08836691216007075,-0.08836691216006498,-1.4466666666666743,1.4520543608191385,0.08778675949439806,0.08778675949439453,1.4484954487644175,1.4538060721348929,0.024587221103261635,0.024587221103260684,0.0033512670709468957,0.003351267070946732,0.2,0,0.0,0.0
1762438895.190211,152.980878268,3,-0.08838350929632455,-0.0883835092963201,-1.4441666666666744,1.4495656765190736,0.08980214289850462,0.08980214289850252,1.4441666666666744,1.4497400494052235,0.01138492255189906,0.011384922551898867,0.0010109632882147512,0.0010109632882147354,0.1,0,0.0,0.0
1762438895.2900524,153.080730432,3,-0.0883862466377856,-0.08838624663777495,-1.4416666666666738,1.4470753383867847,0.08787284821711479,0.08787284821710789,1.4435053233237742,1.448844675378161,0.024690035181989273,0.024690035181987802,0.003352516459107122,0.0033525164591068825,0.2,0,0.0,0.0
1762438895.3900213,153.180671087,3,-0.08836990781317589,-0.088369907813167,-1.439166666666674,1.4445826994873925,0.0897942112723614,0.08979421127235132,1.4391666666666738,1.444758351836221,0.011384202991440315,0.011384202991439071,0.0010108957932979772,0.0010108957932978674,0.1,0,0.0,0.0
1762438895.4897382,153.280443545,3,-0.08835375950107682,-0.08835375950106394,-1.436666666666674,1.4420901097875536,0.08785227491256281,0.08785227491255122,1.4385053247883606,1.4438606628962123,0.024685062315044675,0.02468506231504164,0.003351683544165609,0.003351683544165183,0.2,0,0.0,0.0
1762438895.5900972,153.380753075,3,-0.08834422292454747,-0.08834422292453059,-1.4341666666666744,1.4395983576074547,0.08976651128450333,0.08976651128448729,1.4341666666666741,1.4397743159516974,0.011380615222384824,0.011380615222382809,0.0010105782248838841,0.0010105782248837048,0.1,0,0.0,0.0
1762438895.6898022,153.48050348,3,-0.08833142328915855,-0.08833142328915011,-1.4316666666666744,1.4371062330687463,0.08782845912760338,0.08782845912759046,1.4335053262631627,1.4388763660892874,0.024678202703923045,0.024678202703919475,0.003350794898732811,0.0033507948987323687,0.2,0,0.0,0.0
1762438895.7900662,153.580698497,3,-0.08847781868412596,-0.08847781868412108,-1.4291666666666738,1.434633754624968,0.08990198542459316,0.08990198542458938,1.4291666666666736,1.4348108220520563,0.011381263242979138,0.011381263242978747,0.0010014025327805217,0.001001402532780486,0.1,0,0.0,0.0
1762438895.89008,153.680746047,3,-0.08845236830767789,-0.08845236830767922,-1.4266666666666739,1.4321401539989975,0.08795735312404329,0.08795735312404182,1.4285053277482902,1.4339108979788198,0.02468080588420417,0.024680805884203693,0.0033324898165389394,0.0033324898165388917,0.2,0,0.0,0.0
1762438895.9899275,153.780597413,3,-0.08842858867992831,-0.08842858867993231,-1.4241666666666741,1.4296467833126874,0.08985397126139853,0.0898539712614009,1.4241666666666741,1.4298245230612583,0.011375256446532157,0.011375256446532304,0.001000872163819388,0.0010008721638194006,0.1,0,0.0,0.0
1762438896.0899856,153.880660607,3,-0.08840211782672114,-0.08840211782672558,-1.4216666666666742,1.4271531032035885,0.08790783379793204,0.08790783379793468,1.4235053292438502,1.4289237197526439,0.024667333780067732,0.024667333780068093,0.0033306568366697027,0.003330656836669749,0.2,0,0.0,0.0
1762438896.1898267,153.980531027,3,-0.0883796743765437,-0.08837967437655658,-1.4191666666666742,1.4246599459041478,0.08980358071724978,0.08980358071726159,1.4191666666666742,1.4248380237757134,0.011368845449074816,0.011368845449076275,0.001000308309048895,0.0010003083090490243,0.1,0,0.0,0.0
1762438896.2898543,154.080509458,3,-0.08836673635368264,-0.08836673635369152,-1.4166666666666736,1.4221679945182524,0.08786289186209166,0.08786289186210317,1.4185053307499522,1.4239371997734915,0.024654885887902617,0.024654885887905615,0.00332905575637992,0.0033290557563803113,0.2,0,0.0,0.0
1762438896.3899446,154.180650043,3,-0.08836096667603499,-0.08836096667604432,-1.4141666666666741,1.419676963951652,0.08978262166782573,0.08978262166783486,1.414166666666674,1.4198553445397983,0.011366114106932983,0.011366114106934232,0.0010000701269601334,0.001000070126960246,0.1,0,0.0,0.0
1762438896.4903424,154.281049504,3,-0.08850867245379135,-0.08850867245379712,-1.4116666666666742,1.4172051185262016,0.08783547345715034,0.08783547345715774,1.4135327569222527,1.4189802661373094,0.02456072521329737,0.024560725213299578,0.0033106014311689415,0.003310601431169219,0.2,0,0.0,0.0
1762438896.5904162,154.381088671,3,-0.08848784880010108,-0.08848784880010419,-1.4091666666666742,1.4147123005102504,0.08991095244800636,0.08991095244801131,1.409166666666674,1.4148917461009807,0.011365836199127927,0.011365836199128688,0.000990814900349117,0.000990814900349184,0.1,0,0.0,0.0
1762438896.6904068,154.481081923,3,-0.08847852948278145,-0.088478529482785,-1.4066666666666743,1.4122209499472822,0.08797200711019858,0.08797200711020199,1.408505333794238,1.413989187864183,0.024651828655946218,0.024651828655947644,0.0033101059211769093,0.003310105921177102,0.2,0,0.0,0.0
1762438896.790004,154.580668487,3,-0.0884623928740993,-0.08846239287409219,-1.404166666666674,1.4097287745108347,0.08988740651540647,0.08988740651540225,1.404166666666674,1.4099090465267357,0.01136291932151813,0.011362919321517725,0.0009905588270727557,0.0009905588270727194,0.1,0,0.0,0.0
1762438896.890032,154.680701426,3,-0.08843689864788118,-0.08843689864787363,-1.401666666666674,1.4072354509922547,0.0879414785695582,0.08794147856955253,1.4035053353326485,1.4090048380375455,0.024643515843890313,0.02464351584388888,0.0033088923704430568,0.0033088923704428417,0.2,0,0.0,0.0
1762438896.990063,154.780755632,3,-0.08841701446346484,-0.08841701446345684,-1.3991666666666742,1.4047428583211932,0.08984103949986166,0.08984103949985393,1.399166666666674,1.404923551609824,0.011357049230736087,0.011357049230735126,0.0009900471317215286,0.0009900471317214458,0.1,0,0.0,0.0
1762438897.0901537,154.880823846,3,-0.08839581738583924,-0.08839581738583746,-1.3966666666666743,1.4022501270602261,0.08789790576430254,0.08789790576429646,1.39850533688206,1.4040189674513315,0.024631418128900136,0.024631418128898682,0.003307302585125637,0.00330730258512548,0.2,0,0.0,0.0
1762438897.1897976,154.980498447,3,-0.08837684213608377,-0.08837684213608243,-1.3941666666666743,1.399757702924459,0.08980019713316195,0.089800197133161,1.3941666666666743,1.399938871970764,0.011351884248884734,0.011351884248884699,0.000989596725493529,0.0009895967254935287,0.1,0,0.0,0.0
1762438897.2899928,155.080675166,3,-0.08835202868034742,-0.08835202868035097,-1.3916666666666737,1.3972645680238933,0.0878570030195873,0.08785700301958617,1.3935053384425886,1.399033535776452,0.024620035075398925,0.024620035075398734,0.0033057659642095638,0.0033057659642095408,0.2,0,0.0,0.0
1762438897.3900938,155.180763715,3,-0.08849231691721648,-0.08849231691721826,-1.389166666666674,1.3947923888825007,0.08983333863153789,0.08983333863154032,1.3891666666666742,1.3949638293651831,0.011257319392203634,0.011257319392204014,0.0009802181996574875,0.0009802181996575205,0.1,0,0.0,0.0
1762438897.4900546,155.280715519,3,-0.08847021598430516,-0.08847021598431049,-1.386666666666674,1.3922996813463275,0.08792107643761322,0.08792107643761714,1.3884954670816023,1.3940516107626917,0.024526134963007554,0.024526134963008765,0.0032870623859493934,0.003287062385949577,0.2,0,0.0,0.0
1762438897.5901785,155.380884963,3,-0.08845815810493285,-0.08845815810493818,-1.384166666666674,1.3898082790736883,0.08988096798823333,0.0898809679882386,1.384166666666674,1.3899908409497295,0.011345551789517249,0.011345551789517884,0.0009798228356189633,0.000979822835619017,0.1,0,0.0,0.0
1762438897.690133,155.480817626,3,-0.08845075314328099,-0.0884507531432881,-1.3816666666666744,1.3873175012379206,0.08794298145470918,0.08794298145471488,1.3835053415974867,1.3890842185422259,0.024610877598143746,0.024610877598145363,0.0032860817176989126,0.0032860817176991425,0.2,0,0.0,0.0
1762438897.7898977,155.580549198,3,-0.08844414475819562,-0.08844414475820406,-1.379166666666674,1.3848268584658818,0.08986661580133622,0.08986661580134328,1.379166666666674,1.38501000419334,0.011343739143367663,0.011343739143368418,0.0009796664263511392,0.0009796664263512043,0.1,0,0.0,0.0
1762438897.889892,155.680558879,3,-0.08842035611892918,-0.08842035611893184,-1.376666666666674,1.3823340514736402,0.08792426837962014,0.08792426837962553,1.3785053431921015,1.384101995934316,0.024605444478772713,0.0246054444787741,0.0032852741489633407,0.003285274148963512,0.2,0,0.0,0.0
1762438897.989734,155.780438109,3,-0.08839635859664519,-0.08839635859664385,-1.374166666666674,1.3798412445655084,0.08982069173705251,0.08982069173705168,1.3741666666666743,1.3800251958229037,0.01133796551109015,0.011337965511090037,0.0009791640092761704,0.0009791640092761602,0.1,0,0.0,0.0
1762438898.089897,155.880565219,3,-0.08837411602136847,-0.08837411602137113,-1.3716666666666741,1.377348689769436,0.08787635805670534,0.08787635805670556,1.3735053447983245,1.3791161810377632,0.02459251248769345,0.024592512487693806,0.003283536529177559,0.0032835365291776436,0.2,0,0.0,0.0
1762438898.1901116,155.980808499,3,-0.08835132427226355,-0.08835132427226888,-1.3691666666666742,1.374856092146541,0.08977621052493694,0.08977621052494278,1.3691666666666742,1.375040689239256,0.011332378658238895,0.011332378658239637,0.0009786808544159343,0.0009786808544159967,0.1,0,0.0,0.0
1762438898.2899988,156.080664122,3,-0.08848044307544534,-0.08848044307544845,-1.3666666666666738,1.3723830935243453,0.08794292597136058,0.08794292597136526,1.368495473544262,1.3741352835757996,0.02449877640823311,0.024498776408234245,0.003264787980818987,0.0032647879808191086,0.2,0,0.0,0.0
1762438898.3898807,156.18054299,3,-0.08843084748156471,-0.08843084748156071,-1.364166666666674,1.3698871209034267,0.08985972017952082,0.0898597201795175,1.364166666666674,1.3700730758123627,0.011326357687687368,0.011326357687686943,0.0009689366221979347,0.0009689366221978954,0.1,0,0.0,0.0
1762438898.4897823,156.280483555,3,-0.08839217780019304,-0.08839217780018771,-1.3616666666666741,1.3673925790729056,0.08790535101341937,0.08790535101341575,1.3635053480461115,1.3691608874138685,0.024567632924876723,0.024567632924875665,0.00326155751280854,0.003261557512808389,0.2,0,0.0,0.0
1762438898.5899231,156.380585199,3,-0.08836864313121318,-0.0883686431312074,-1.3591666666666742,1.3649000190327132,0.08979248717545747,0.08979248717544995,1.3591666666666742,1.3650858615061934,0.011317873412961522,0.011317873412960608,0.0009682160328988157,0.0009682160328987394,0.1,0,0.0,0.0
1762438898.6900244,156.480690869,3,-0.0883537714352034,-0.08835377143520207,-1.3566666666666745,1.3624086106224202,0.0878514095942852,0.08785140959428137,1.3585053496879356,1.364174668239425,0.024552564168253296,0.024552564168252133,0.003259729463191584,0.0032597294631914677,0.2,0,0.0,0.0
1762438898.7898004,156.580486452,3,-0.08834446042022925,-0.08834446042022481,-1.3541666666666738,1.3599179565271622,0.08976776619103455,0.08976776619103154,1.354166666666674,1.3601043580567587,0.011314774413137961,0.011314774413137581,0.0009679523095483462,0.0009679523095483127,0.1,0,0.0,0.0
1762438898.8902097,156.680870256,3,-0.0884946655777199,-0.08849466557771768,-1.351666666666674,1.3574481166693708,0.08781915339378224,0.08781915339377981,1.35353277547875,1.359218665888903,0.02445741052678422,0.024457410526783435,0.0032411556085327298,0.0032411556085326213,0.2,0,0.0,0.0
1762438898.9905984,156.781265224,3,-0.0884774048602317,-0.08847740486022859,-1.349166666666674,1.3549565294820591,0.08981646291255858,0.08981646291255592,1.349166666666674,1.3551327198709024,0.011222121552573901,0.01122212155257357,0.0009587481388564276,0.0009587481388563986,0.1,0,0.0,0.0
1762438899.0903466,156.881024044,3,-0.08846576010798657,-0.08846576010798302,-1.3466666666666742,1.3524657084503469,0.0879101198881914,0.08791011988818788,1.348495480198619,1.354214325161869,0.024456854645271385,0.024456854645270597,0.0032408381288007706,0.003240838128800666,0.2,0,0.0,0.0
1762438899.1903057,156.980974237,3,-0.08846330286994508,-0.08846330286994375,-1.3441666666666743,1.349976125598937,0.08988348442912428,0.0898834844291206,1.3441666666666743,1.3501637342648627,0.01131284472500362,0.011312844725003105,0.0009585747952477252,0.000958574795247684,0.1,0,0.0,0.0
1762438899.289974,157.080629711,3,-0.08846492095623582,-0.08846492095623937,-1.341666666666674,1.3474871164222872,0.08795162779451764,0.08795162779451889,1.3435053546867288,1.3492507608800242,0.02454704685549041,0.02454704685549057,0.0032405916847966904,0.003240591684796775,0.2,0,0.0,0.0
1762438899.3905313,157.181200736,3,-0.08845794186481548,-0.08845794186481593,-1.339166666666674,1.3449970171227328,0.08988025497667775,0.08988025497667856,1.339166666666674,1.345185593730648,0.01129592541998012,0.011295925419980197,0.0009479243196000678,0.0009479243196000726,0.1,0,0.0,0.0
1762438899.4899478,157.28062953,3,-0.08845489119954308,-0.0884548911995453,-1.336666666666674,1.3425074723561294,0.08794402793951898,0.08794402793951953,1.3385053563778924,1.3442711382577408,0.02452862882181382,0.024528628821814044,0.0032296793461781643,0.0032296793461781986,0.2,0,0.0,0.0
1762438899.5898871,157.380557741,3,-0.08844292031408152,-0.08844292031408374,-1.334166666666674,1.3400167889813286,0.0898669915471902,0.08986699154719428,1.334166666666674,1.3402062702375148,0.01131073795922458,0.01131073795922525,0.0009583905135233365,0.0009583905135233969,0.1,0,0.0,0.0
1762438899.6901073,157.480770592,3,-0.08841845936772152,-0.08841845936772463,-1.3316666666666745,1.3375244891309674,0.08792288505747249,0.08792288505747548,1.3335053580817373,1.339289889257125,0.02453906775218093,0.024539067752182085,0.0032393634623769964,0.003239363462377144,0.2,0,0.0,0.0
1762438899.7902832,157.580982272,3,-0.08855209499136762,-0.08855209499137073,-1.329166666666674,1.3350531730356352,0.08997893109988404,0.08997893109988842,1.3291666666666737,1.3352439641734213,0.011308248899738011,0.011308248899738573,0.0009489526201289716,0.0009489526201290182,0.1,0,0.0,0.0
1762438899.890066,157.680728684,3,-0.08851538172625517,-0.08851538172625784,-1.326666666666674,1.3325593382843233,0.08802772444741255,0.08802772444741644,1.3285053597984056,1.3343253919325193,0.024534828217265783,0.024534828217266748,0.003220173184308397,0.0032201731843085075,0.2,0,0.0,0.0
1762438899.9897442,157.780414994,3,-0.08846686266844728,-0.08846686266844594,-1.324166666666674,1.3300639581207838,0.08989643196484338,0.0898964319648444,1.3241666666666738,1.3302556513960577,0.011297783484510496,0.01129778348451059,0.0009480671221803471,0.0009480671221803508,0.1,0,0.0,0.0
1762438900.0899312,157.880586973,3,-0.08842374137632802,-0.08842374137632358,-1.3216666666666743,1.3275693179099057,0.08793983467329308,0.08793983467329129,1.3235053615280468,1.3293356502547493,0.02451079275463516,0.024510792754634494,0.0032169591614432413,0.0032169591614431042,0.2,0,0.0,0.0
1762438900.1899824,157.980622459,3,-0.08839587557938167,-0.08839587557937412,-1.3191666666666744,1.3250767359226236,0.08982051479205824,0.08982051479204925,1.3191666666666744,1.3252683291316834,0.011288320165878867,0.011288320165877826,0.000947279211133182,0.0009472792111330976,0.1,0,0.0,0.0
1762438900.2898107,158.080477016,3,-0.08837777835614347,-0.08837777835614213,-1.3166666666666738,1.3225854885509158,0.08787773414510433,0.0878777341450989,1.318505363270805,1.3243494196362349,0.02449372521683413,0.024493725216832594,0.003214902903990019,0.003214902903989852,0.2,0,0.0,0.0
1762438900.38994,158.180606591,3,-0.08851775772527404,-0.08851775772527004,-1.3141666666666738,1.3201154550429355,0.0898594585752051,0.08985945857519947,1.3141666666666738,1.3202967364833762,0.011194379112825148,0.01119437911282431,0.0009379721102766342,0.0009379721102765606,0.1,0,0.0,0.0
1762438900.4904604,158.281155704,3,-0.08848958956187758,-0.08848958956187758,-1.311666666666674,1.3176229579686758,0.08794434521619782,0.0879443452161948,1.3134954923313633,1.319370616652433,0.024400139373861443,0.024400139373860503,0.0031962160624618157,0.003196216062461732,0.2,0,0.0,0.0
1762438900.589979,158.3806825,3,-0.08847156815481405,-0.08847156815481805,-1.3091666666666741,1.3151318556915406,0.08989500170912715,0.08989500170913094,1.309166666666674,1.3153248966607827,0.011281201888812733,0.011281201888813265,0.0009374727470909445,0.000937472747090991,0.1,0,0.0,0.0
1762438900.6904,158.48107695,3,-0.08846021244671576,-0.08846021244671576,-1.3066666666666744,1.3126416861238386,0.08795505826339889,0.087955058263401,1.3085053667962765,1.3144042298634369,0.024482016717707618,0.02448201671770804,0.0031948974134158844,0.0031948974134159026,0.2,0,0.0,0.0
1762438900.790134,158.580781195,3,-0.08845704584983771,-0.08845704584985059,-1.3041666666666738,1.3101526599467048,0.0898780377099842,0.08987803770999439,1.3041666666666738,1.3103460679414654,0.011279165514618102,0.011279165514619483,0.0009373084382797947,0.0009373084382799164,0.1,0,0.0,0.0
1762438900.8899522,158.680606298,3,-0.08844433864808288,-0.08844433864809664,-1.3016666666666739,1.3076623850172207,0.08794188654238812,0.08794188654240206,1.3035053685792979,1.3094249870581829,0.02447800049898069,0.024478000498984367,0.0031943868692328944,0.0031943868692334084,0.2,0,0.0,0.0
1762438900.9896882,158.780368624,3,-0.08842185791546342,-0.08842185791547186,-1.299166666666674,1.3051708231845527,0.08984602420059225,0.0898460242006011,1.299166666666674,1.3053653296710102,0.011275005062829267,0.011275005062830435,0.0009369549396147743,0.0009369549396148717,0.1,0,0.0,0.0
1762438901.0897589,158.880427565,3,-0.08840268417148422,-0.08840268417149932,-1.2966666666666744,1.3026797432914636,0.08790270538462104,0.08790270538462984,1.2985053703760503,1.304442397395652,0.024467525411159388,0.02446752541116235,0.0031929544996877916,0.0031929544996882136,0.2,0,0.0,0.0
1762438901.189805,158.980486632,3,-0.08839287774918425,-0.08839287774919358,-1.2941666666666745,1.300189971805927,0.08981524787420526,0.08981524787421727,1.2941666666666747,1.3003849117136603,0.011271213791540877,0.011271213791542308,0.0009366433330292701,0.000936643333029386,0.1,0,0.0,0.0
1762438901.29015,159.080818009,3,-0.08854327412322682,-0.08854327412323304,-1.2916666666666738,1.2977220814036876,0.08786847538900629,0.08786847538901477,1.29353279575672,1.299487911306825,0.024371588576746993,0.02437158857674926,0.0031743244360805992,0.0031743244360808516,0.2,0,0.0,0.0
1762438901.390438,159.181115029,3,-0.0885154511022943,-0.08851545110229253,-1.289166666666674,1.295229965918079,0.08994002956501436,0.08994002956501193,1.2891666666666741,1.2954262280349176,0.011270304595015036,0.011270304595014881,0.0009273519724690446,0.000927351972469035,0.1,0,0.0,0.0
1762438901.4901536,159.280857818,3,-0.08849596582996355,-0.08849596582996577,-1.2866666666666742,1.292739023564883,0.08799582600188308,0.0879958260018828,1.2885053740113874,1.2945009191359167,0.024460173684702866,0.024460173684703088,0.0031734799768277674,0.003173479976827832,0.2,0,0.0,0.0
1762438901.5899725,159.380636021,3,-0.08848359989911003,-0.08848359989910959,-1.2841666666666742,1.2902490932684312,0.08990621799369647,0.08990621799369646,1.284166666666674,1.290445769432275,0.011266131264535725,0.01126613126453565,0.0009270116687725256,0.0009270116687725164,0.1,0,0.0,0.0
1762438901.6900346,159.480692505,3,-0.0884675238066599,-0.08846752380665013,-1.2816666666666745,1.2877586924503468,0.08796611329319663,0.08796611329319311,1.2835053758503006,1.289520113845629,0.02445183996023537,0.024451839960234176,0.0031724345847690943,0.0031724345847688787,0.2,0,0.0,0.0
1762438901.7895234,159.580240612,3,-0.08843765505118206,-0.08843765505117673,-1.2791666666666737,1.2852664310457314,0.08986403966449645,0.08986403966449182,1.279166666666674,1.2854642944713686,0.011260638710925766,0.011260638710925124,0.0009265502222661546,0.0009265502222660993,0.1,0,0.0,0.0
1762438901.8897645,159.680476958,3,-0.08841003739430953,-0.08841003739430242,-1.276666666666674,1.282774511440698,0.0879159158183634,0.08791591581835721,1.2785053777035944,1.2845366547223838,0.024438003503445896,0.02443800350344413,0.0031705414519891052,0.003170541451988855,0.2,0,0.0,0.0
1762438901.989958,159.780613945,3,-0.08839180291518112,-0.0883918029151678,-1.274166666666674,1.2802839201089942,0.08981511807090589,0.08981511807089383,1.274166666666674,1.280482020690897,0.011254607957424365,0.011254607957422814,0.0009260585638070043,0.0009260585638068746,0.1,0,0.0,0.0
1762438902.0900555,159.880710084,3,-0.08838043330798939,-0.08838043330798406,-1.2716666666666743,1.2777943156449496,0.08787567780180978,0.0878756778017994,1.2735053795714435,1.2795546964845463,0.02442708614920636,0.024427086149203796,0.003169242832336831,0.003169242832336543,0.2,0,0.0,0.0
1762438902.1897082,159.98037767,3,-0.0883698765025489,-0.08836987650253869,-1.2691666666666743,1.2753048646986127,0.08979186491448019,0.08979186491447062,1.2691666666666743,1.2755035028518877,0.011251735870673353,0.011251735870672087,0.0009258241683008749,0.0009258241683007686,0.1,0,0.0,0.0
1762438902.2897863,160.080494303,3,-0.08836382117281616,-0.08836382117280372,-1.2666666666666737,1.2728160802837867,0.08785596336069054,0.08785596336067887,1.2685053814540157,1.2745757111187495,0.024421669308152125,0.024421669308148788,0.0031685833727354154,0.003168583372734951,0.2,0,0.0,0.0
1762438902.3899293,160.180593715,3,-0.0885085870072242,-0.08850858700721442,-1.2641666666666738,1.270348338472231,0.08993368108919127,0.08993368108918037,1.2641666666666738,1.2705485016714757,0.011252907189131224,0.011252907189129921,0.000916707981615777,0.0009167079816156718,0.1,0,0.0,0.0
1762438902.489771,160.280431554,3,-0.08847431076303813,-0.0884743107630328,-1.2616666666666743,1.2678557430196014,0.08798574825365575,0.08798574825364715,1.2635053833514878,1.2696175950063466,0.024423690588368772,0.024423690588366596,0.003150151081783667,0.0031501510817834246,0.2,0,0.0,0.0
1762438902.589752,160.380377765,3,-0.08843498767400071,-0.08843498767399005,-1.2591666666666743,1.2653624731808129,0.08986179131792366,0.08986179131791565,1.259166666666674,1.2655635019714317,0.011243754288757637,0.011243754288756595,0.0009159555026456549,0.0009159555026455678,0.1,0,0.0,0.0
1762438902.6899185,160.480588639,3,-0.08840706807699483,-0.08840706807698373,-1.2566666666666744,1.2628708288986128,0.08791314514018093,0.08791314514016989,1.2585053852640369,1.2646316645234916,0.024404117242007514,0.024404117242004725,0.00314765208782874,0.0031476520878283587,0.2,0,0.0,0.0
1762438902.7898912,160.580552769,3,-0.08854333151750815,-0.08854333151750504,-1.2541666666666738,1.2604022655050386,0.08988605454125119,0.08988605454124932,1.2541666666666738,1.2605923343332612,0.011147934229437847,0.011147934229437528,0.0009065090685209201,0.0009065090685208928,0.1,0,0.0,0.0
1762438902.8899143,160.680579167,3,-0.08850870432448588,-0.08850870432448277,-1.251666666666674,1.257909784494445,0.08796729891520483,0.08796729891520219,1.253495514706668,1.2596537209672378,0.024307033661224758,0.024307033661223942,0.0031285705641576596,0.0031285705641575464,0.2,0,0.0,0.0
1762438902.9899473,160.780608862,3,-0.08848759466279255,-0.088487594662789,-1.249166666666674,1.2554192407038942,0.08991130421127502,0.08991130421127155,1.2491666666666739,1.2556215378692233,0.011233622912486788,0.011233622912486318,0.0009059337846240106,0.0009059337846239699,0.1,0,0.0,0.0
1762438903.0925698,160.883236507,3,-0.08945589336012993,-0.08945589336013482,-1.2466666666666744,1.2530692285310958,0.08801183105543338,0.088011831055433,1.2486428878506242,1.2548311544552146,0.015069864488375216,0.015069864488374784,0.0012895579422128524,0.001289557942212817,0.1,0,0.0,0.0
1762438903.190882,160.981535975,3,-0.09083023260538248,-0.09083023260538914,-1.2441666666666744,1.2507801392550013,0.09225682476079133,0.09225682476079775,1.2441666666666742,1.2509889439456894,0.002411281477095335,0.002411281477095512,0.0,0.0,0.0,0,0.0,0.0
1762438903.289824,161.080526025,3,-0.08995627789369287,-0.08995627789369687,-1.2416666666666738,1.2481668057499784,0.08990610914645984,0.08990610914646521,1.243505391093967,1.2499887497907616,0.015696956559666905,0.015696956559667862,0.0012121231023581916,0.0012121231023582606,0.1,0,0.0,0.0
1762438903.389882,161.180553057,3,-0.08907968461495486,-0.08907968461495175,-1.2391666666666739,1.2455538560014154,0.09066107048527991,0.09066107048527625,1.239166666666674,1.245782038392298,0.002552579578910378,0.002552579578910282,0.0,0.0,0.0,0,0.0,0.0
1762438903.4900236,161.280737449,3,-0.08861646146649349,-0.08861646146648994,-1.2366666666666741,1.243000482272693,0.08852260296585009,0.08852260296584744,1.238488594221154,1.2447997832935178,0.015653346940900596,0.015653346940900117,0.0012219568746300099,0.0012219568746299743,0.1,0,0.0,0.0
1762438903.589798,161.380465458,3,-0.0884841199780908,-0.08848411997809302,-1.2341666666666742,1.24049435310594,0.08992016642053664,0.08992016642053773,1.2341666666666744,1.2407008639351085,0.0024406133928330767,0.0024406133928330967,0.0,0.0,0.0,0,0.0,0.0
1762438903.6898975,161.480558092,3,-0.08842794694563061,-0.08842794694564038,-1.2316666666666742,1.2379991039495288,0.08795245104767374,0.08795245104767889,1.2335053950593569,1.2397607942386015,0.015393851482976976,0.01539385148297768,0.0012164459390320353,0.001216445939032101,0.1,0,0.0,0.0
1762438903.790108,161.580762625,3,-0.08841381041774454,-0.0884138104177481,-1.2291666666666736,1.2355098940071794,0.08983343835336464,0.08983343835337135,1.2291666666666734,1.2357146870282143,0.002438119037071814,0.0024381190370720103,0.0,0.0,0.0,0,0.0,0.0
1762438903.8898325,161.680500425,3,-0.08841894778493753,-0.08841894778493886,-1.2266666666666741,1.2330234919764995,0.08790307223011552,0.08790307223011971,1.228505397066262,1.2347790939418761,0.0153842158505174,0.015384215850518195,0.0012157875742135724,0.001215787574213629,0.1,0,0.0,0.0
1762438903.9900491,161.780735379,3,-0.08843011313614646,-0.08843011313615134,-1.2241666666666742,1.2305380114390374,0.08976471480081934,0.08976471480082429,1.224166666666674,1.2307312606025498,0.0023457498519797236,0.002345749851979852,0.0,0.0,0.0,0,0.0,0.0
1762438904.0899684,161.880637585,3,-0.0884416432519064,-0.08844164325191439,-1.2216666666666742,1.2280526425877105,0.08787069493319104,0.08787069493319682,1.2234955267172822,1.2297901536251152,0.015294600503613748,0.015294600503614664,0.0012160476079405792,0.001216047607940653,0.1,0,0.0,0.0
1762438904.1899543,161.980668826,3,-0.08845131352532398,-0.08845131352532443,-1.2191666666666743,1.2255670650110666,0.08986989915030634,0.08986989915030837,1.219166666666674,1.2257734532358342,0.0024390903168652863,0.002439090316865355,0.0,0.0,0.0,0,0.0,0.0
1762438904.2899516,162.080621287,3,-0.08845987111896392,-0.0884598711189657,-1.216666666666674,1.2230813854255829,0.0879424448629588,0.08794244486295992,1.2185054011294816,1.2248359726096667,0.015391038413309622,0.015391038413309679,0.0012163384659904467,0.0012163384659904467,0.1,0,0.0,0.0
1762438904.3895733,162.180278484,3,-0.08844561890229485,-0.08844561890229574,-1.214166666666674,1.220592458378505,0.08986962367861698,0.08986962367861841,1.214166666666674,1.2208004722167891,0.0024391286108507338,0.0024391286108507715,0.0,0.0,0.0,0,0.0,0.0
1762438904.4896944,162.280371124,3,-0.08842679968080702,-0.08842679968080569,-1.2116666666666742,1.2181029139258752,0.08792689500488873,0.08792689500488883,1.2135054031862038,1.2198596809848716,0.01537224307475089,0.015372243074750866,0.0012057858902594142,0.0012057858902594077,0.1,0,0.0,0.0
1762438904.5898554,162.380568636,3,-0.0885663125298155,-0.08856631252981728,-1.2091666666666743,1.2156364634248409,0.08999320543435287,0.08999320543435406,1.2091666666666743,1.2158460354117602,0.0024424865774111274,0.002442486577411165,0.0,0.0,0.0,0,0.0,0.0
1762438904.6898534,162.480554499,3,-0.08852797104318455,-0.08852797104318721,-1.2066666666666743,1.2131441990787861,0.0880409849025947,0.08804098490259704,1.2085054052599438,1.214902360104605,0.015392692784682019,0.015392692784682508,0.0012073763707647525,0.0012073763707647943,0.1,0,0.0,0.0
1762438904.7898915,162.580562055,3,-0.08849417203469478,-0.08849417203469967,-1.2041666666666737,1.210652633119567,0.08992061430297794,0.08992061430298326,1.204166666666674,1.2108628307386344,0.002440525032761771,0.0024405250327619193,0.0,0.0,0.0,0,0.0,0.0
1762438904.8900933,162.68074677,3,-0.08845352789117378,-0.08845352789117866,-1.201666666666674,1.2081601015472185,0.08796909750944591,0.08796909750944919,1.2035054073509157,1.2099183401189302,0.015380069722918189,0.015380069722918553,0.0012063820382163437,0.0012063820382163626,0.1,0,0.0,0.0
1762438904.989589,162.780294965,3,-0.08841559455929904,-0.08841559455930348,-1.199166666666674,1.2056680012204901,0.08984188401680415,0.0898418840168093,1.199166666666674,1.2058788590450704,0.002438402695009028,0.002438402695009149,0.0,0.0,0.0,0,0.0,0.0
1762438905.089847,162.880532014,3,-0.08838926923710844,-0.08838926923711465,-1.196666666666674,1.2031776414743045,0.08789458682325207,0.08789458682325665,1.1985054094593335,1.2049340783997047,0.015350069975435518,0.015350069975436292,0.0011950149203606862,0.001195014920360747,0.1,0,0.0,0.0
1762438905.1901534,162.980839017,3,-0.08852897957425121,-0.08852897957425698,-1.1941666666666744,1.2007117839959403,0.0898710414215551,0.08987104142156153,1.1941666666666741,1.2009111690504783,0.0023485779401928044,0.002348577940192978,0.0,0.0,0.0,0,0.0,0.0
1762438905.2899735,163.080647226,3,-0.08849341425871593,-0.0884934142587186,-1.191666666666674,1.1982201855997885,0.08795386863774979,0.0879538686377546,1.1934955393316988,1.1999597361667418,0.015276828458840966,0.01527682845884188,0.0011965490865930952,0.001196549086593164,0.1,0,0.0,0.0
1762438905.389986,163.180658899,3,-0.08845931587005751,-0.08845931587005573,-1.189166666666674,1.195728841435016,0.08988467234527339,0.08988467234527107,1.1891666666666738,1.1959414156873915,0.002439549704745238,0.0024395497047451876,0.0,0.0,0.0,0,0.0,0.0
1762438905.4898965,163.280600715,3,-0.08844570310588118,-0.08844570310588029,-1.186666666666674,1.193240571960903,0.08794183302273588,0.08794183302273606,1.1885054137293907,1.194994832815133,0.015358169125504605,0.015358169125504776,0.0011956611027387973,0.0011956611027388205,0.1,0,0.0,0.0
1762438905.5900323,163.380703619,3,-0.08844591026741888,-0.08844591026741888,-1.1841666666666741,1.1907544047915704,0.08986577960945005,0.08986577960945155,1.184166666666674,1.1909670067361608,0.0024389893895160096,0.002438989389516061,0.0,0.0,0.0,0,0.0,0.0
1762438905.6899981,163.480661974,3,-0.08844270257548814,-0.08844270257548725,-1.1816666666666742,1.1882677873227234,0.0879328146454198,0.08793281464541959,1.1835054158914784,1.1900207684017083,0.01535654562424465,0.01535654562424457,0.0011955662268325641,0.0011955662268325516,0.1,0,0.0,0.0
1762438905.7901673,163.580804215,3,-0.08857590922164427,-0.08857590922164604,-1.1791666666666738,1.1858015901349925,0.08992098269932275,0.08992098269932325,1.1791666666666738,1.1860040446967364,0.0023499006600543578,0.0023499006600543504,0.0,0.0,0.0,0,0.0,0.0
1762438905.889844,163.680529035,3,-0.08852660806561197,-0.08852660806561641,-1.176666666666674,1.183308229125306,0.08799530585131814,0.08799530585132191,1.1784955458797417,1.1850477202889869,0.015267702410379733,0.015267702410380408,0.0011867987628934652,0.0011867987628935315,0.1,0,0.0,0.0
1762438905.9899824,163.780653806,3,-0.08849330300240332,-0.088493303002398,-1.1741666666666741,1.180817297664494,0.08991927792812329,0.08991927792811798,1.174166666666674,1.1810327320601057,0.0024404861088318003,0.002440486108831665,0.0,0.0,0.0,0,0.0,0.0
1762438906.0899615,163.880633795,3,-0.0884667801926291,-0.088466780192622,-1.1716666666666742,1.178327424858259,0.08797129755098748,0.0879712975509828,1.1735054202709267,1.1800817216578063,0.015346986332908395,0.015346986332907597,0.0011857650537988515,0.0011857650537987934,0.1,0,0.0,0.0
1762438906.1900506,163.980708597,3,-0.08845006361151242,-0.08845006361151242,-1.1691666666666745,1.1758390714507765,0.08987343060017484,0.08987343060017393,1.1691666666666742,1.1760549143216703,0.0024392266328637823,0.0024392266328637654,0.0,0.0,0.0,0,0.0,0.0
1762438906.2898567,164.080524939,3,-0.0884189880797841,-0.08841898807979032,-1.1666666666666738,1.1733486037905507,0.08792788033568046,0.0879278803356827,1.1685054224887614,1.1751032068147422,0.0153396296940035,0.015339629694003733,0.0011852049560641723,0.0011852049560641964,0.1,0,0.0,0.0
1762438906.389772,164.180436569,3,-0.08838711076746719,-0.08838711076747252,-1.164166666666674,1.1708580573568415,0.08981255647874288,0.08981255647874894,1.1641666666666741,1.1710749840980683,0.0024376038169844263,0.002437603816984599,0.0,0.0,0.0,0,0.0,0.0
1762438906.4897237,164.280379526,3,-0.08836476735890209,-0.08836476735890475,-1.161666666666674,1.1683689950804272,0.08786725767279353,0.08786725767279728,1.1635054247256567,1.1701222941675393,0.015328683202445742,0.015328683202446323,0.0011843488986943798,0.0011843488986944164,0.1,0,0.0,0.0
1762438906.5897725,164.380434533,3,-0.08834647157660847,-0.08834647157660491,-1.1591666666666742,1.1658805938822385,0.08976924608147038,0.08976924608146639,1.1591666666666745,1.1660979359364287,0.0024364109632534475,0.002436410963253336,0.0,0.0,0.0,0,0.0,0.0
1762438906.6899126,164.480584583,3,-0.08833817172323855,-0.08833817172323943,-1.1566666666666743,1.1633937609187202,0.08783137055586417,0.08783137055586239,1.1585054269818602,1.1651452800633342,0.015322203534350992,0.015322203534350484,0.0011838665708138294,0.001183866570813795,0.1,0,0.0,0.0
1762438906.7895696,164.580276562,3,-0.08833348741822888,-0.08833348741823421,-1.154166666666674,1.1609075348378934,0.0897547684609406,0.08975476846094316,1.154166666666674,1.1611255450498947,0.0024360048502816587,0.0024360048502817203,0.0,0.0,0.0,0,0.0,0.0
1762438906.8899484,164.68065021,3,-0.08848847301804419,-0.0884884730180504,-1.151666666666674,1.158445739266738,0.08781068579101896,0.08781068579102573,1.1535328512755179,1.1601980313937812,0.015231688019879078,0.015231688019880158,0.0011748703139115736,0.0011748703139116683,0.1,0,0.0,0.0
1762438906.9899323,164.780604125,3,-0.08846290378249577,-0.08846290378250021,-1.149166666666674,1.1559564864081424,0.0898871434735089,0.08988714347351225,1.149166666666674,1.156176208413514,0.002439605985657887,0.0024396059856579702,0.0,0.0,0.0,0,0.0,0.0
1762438907.0896842,164.880332599,3,-0.08843589939072061,-0.0884358993907215,-1.146666666666674,1.1534670611016826,0.08794214707482344,0.08794214707482678,1.1485054315532024,1.1552196192808828,0.015325403091589003,0.01532540309158969,0.0011751003904011438,0.0011751003904011989,0.1,0,0.0,0.0
1762438907.1896226,164.980313697,3,-0.08840190442612084,-0.08840190442612261,-1.1441666666666745,1.1509766090253353,0.08982803651097825,0.08982803651097904,1.1441666666666743,1.151197425899643,0.002438026526291988,0.0024380265262920024,0.0,0.0,0.0,0,0.0,0.0
1762438907.289806,165.080500645,3,-0.08853727010827761,-0.0885372701082714,-1.141666666666674,1.1485122873414308,0.08787245580731726,0.08787245580731627,1.1435328557613262,1.150265416842944,0.015226043206184266,0.015226043206184115,0.0011654032671076,0.0011654032671075817,0.1,0,0.0,0.0
1762438907.3897247,165.180428386,3,-0.08833349127447754,-0.08833349127447132,-1.139166666666674,1.145995770413633,0.08975903431063487,0.08975903431062844,1.139166666666674,1.146217284342378,0.002436164094777132,0.0024361640947769526,0.0,0.0,0.0,0,0.0,0.0
1762438907.4895914,165.280297672,3,-0.08831420983795368,-0.0883142098379519,-1.136666666666674,1.1435077220682561,0.08781421700112003,0.0878142170011143,1.1385054362048468,1.1452586178165292,0.01530266650458828,0.015302666504587122,0.0011733400388306752,0.0011733400388305862,0.1,0,0.0,0.0
1762438907.5895774,165.380281779,3,-0.08831380431474756,-0.08831380431474134,-1.1341666666666743,1.1410226482602706,0.08973346463452485,0.08973346463451941,1.134166666666674,1.141244153162865,0.002435416615923275,0.0024354166159231286,0.0,0.0,0.0,0,0.0,0.0
1762438907.6899416,165.480645569,3,-0.0884856624880701,-0.08848566248806744,-1.1316666666666744,1.1385643896488098,0.08779583993039586,0.08779583993038995,1.1335328603262835,1.1403126608337084,0.015212315314948677,0.015212315314947523,0.0011643992254723459,0.0011643992254722533,0.1,0,0.0,0.0
1762438907.789719,165.580343898,3,-0.08846804842695022,-0.08846804842694578,-1.1291666666666738,1.1360768249973558,0.08989393694200788,0.08989393694200455,1.129166666666674,1.1363006648369938,0.0024397961314802357,0.0024397961314801516,0.0,0.0,0.0,0,0.0,0.0
1762438907.8896463,165.680322708,3,-0.0884253508139281,-0.08842535081392278,-1.1266666666666738,1.1335854017721494,0.08794201540674126,0.08794201540673642,1.128505440938932,1.1353378908397145,0.015308977053480348,0.015308977053479292,0.0011648225208597633,0.001164822520859672,0.1,0,0.0,0.0
1762438907.9897857,165.780463779,3,-0.0883836863291716,-0.08838368632916715,-1.124166666666674,1.1310941810754431,0.08981082203072442,0.08981082203071913,1.124166666666674,1.131318992129156,0.0024375715945546416,0.0024375715945544997,0.0,0.0,0.0,0,0.0,0.0
1762438908.0896242,165.880314443,3,-0.08835335255585797,-0.08835335255585619,-1.1216666666666741,1.1286047762289715,0.08786136154365337,0.0878613615436489,1.1235054433375777,1.1303555718948686,0.015294542998600297,0.015294542998599503,0.00116371927106595,0.001163719271065892,0.1,0,0.0,0.0
1762438908.189764,165.980438735,3,-0.0883338607444557,-0.0883338607444566,-1.1191666666666744,1.126117120767568,0.08975729025851621,0.08975729025851432,1.1191666666666744,1.1263422082506267,0.002436094152601987,0.002436094152601937,0.0,0.0,0.0,0,0.0,0.0
1762438908.2895663,166.080270629,3,-0.0884896543477609,-0.08848965434776357,-1.1166666666666738,1.1236571017430688,0.08781055869092605,0.08781055869092683,1.1185328673267654,1.1254053330802465,0.015198445090508562,0.015198445090508607,0.0011543225842180957,0.0011543225842181016,0.1,0,0.0,0.0
1762438908.3895454,166.180250138,3,-0.08831998330507851,-0.08831998330507851,-1.1141666666666739,1.1211459316311798,0.08974046858505251,0.08974046858505459,1.1141666666666739,1.1213715104794026,0.0024356122993756963,0.0024356122993757653,0.0,0.0,0.0,0,0.0,0.0
1762438908.4895475,166.280241148,3,-0.08831939926741761,-0.08831939926742027,-1.111666666666674,1.11866143687521,0.08780734167538515,0.08780734167538488,1.113505448199492,1.1204082477713857,0.015284795045054386,0.015284795045054044,0.001163022702088111,0.0011630227020880722,0.1,0,0.0,0.0
1762438908.5897338,166.380391045,3,-0.08831969065825618,-0.08831969065826151,-1.1091666666666744,1.116177149900679,0.08973999426002363,0.08973999426002707,1.1091666666666742,1.1164037027814087,0.0024355959217121246,0.002435595921712218,0.0,0.0,0.0,0,0.0,0.0
1762438908.6899385,166.480610781,3,-0.08847659430340116,-0.08847659430340737,-1.1066666666666745,1.1137177948610621,0.08792070892100046,0.08792070892100642,1.108495578780451,1.1154472422710768,0.015204641415699294,0.015204641415700515,0.0011550090835205239,0.0011550090835206286,0.1,0,0.0,0.0
1762438908.7897882,166.58045623,3,-0.0884578976355268,-0.08845789763552947,-1.1041666666666738,1.1112306813105859,0.08988101340937871,0.08988101340937997,1.1041666666666736,1.111459050492094,0.002439431418426792,0.002439431418426831,0.0,0.0,0.0,0,0.0,0.0
1762438908.889961,166.680625186,3,-0.08844349132738749,-0.08844349132739904,-1.101666666666674,1.108744310813281,0.0879410850696111,0.08794108506961823,1.1035054531495234,1.1104915821460228,0.015291976152785653,0.015291976152787034,0.0011545732584444506,0.0011545732584445762,0.1,0,0.0,0.0
1762438908.9897861,166.780447384,3,-0.08842310216421012,-0.08842310216421367,-1.0991666666666742,1.1062570456742018,0.08984792248182155,0.08984792248182731,1.0991666666666742,1.1064866286854655,0.0024385483822738454,0.0024385483822740367,0.0,0.0,0.0,0,0.0,0.0
1762438909.0902183,166.880903738,3,-0.0883955617116019,-0.08839556171159924,-1.0966666666666742,1.1037686933585376,0.08790091590975986,0.08790091590976067,1.0985054556583358,1.1055167923404319,0.015284920193394622,0.01528492019339484,0.0011540123052429243,0.0011540123052429267,0.1,0,0.0,0.0
1762438909.1897492,166.980393803,3,-0.08837030048984928,-0.08837030048984573,-1.0941666666666745,1.101280760960525,0.08979539755540188,0.08979539755539992,1.0941666666666745,1.1015112896782886,0.0024371353088234343,0.0024371353088234056,0.0,0.0,0.0,0,0.0,0.0
1762438909.2895093,167.080215851,3,-0.08834988099972563,-0.08834988099972119,-1.0916666666666737,1.0987936630944215,0.08785098807250886,0.08785098807250606,1.0935054581900905,1.1005406758962395,0.015276049875281207,0.015276049875281025,0.0011533444455262614,0.0011533444455262489,0.1,0,0.0,0.0
1762438909.390003,167.180653429,3,-0.08833531948569728,-0.08833531948569995,-1.089166666666674,1.0963075686663275,0.08975861843037714,0.08975861843037733,1.0891666666666742,1.0965387576108991,0.002436123579904345,0.0024361235799043412,0.0,0.0,0.0,0,0.0,0.0
1762438909.4898238,167.280530514,3,-0.08848519824630863,-0.08848519824631307,-1.086666666666674,1.0938481179130117,0.08781084345320019,0.0878108434532038,1.088532881906525,1.0955935941067063,0.015182071080819303,0.01518207108082007,0.0011440974958529786,0.001144097495853049,0.1,0,0.0,0.0
1762438909.5899663,167.380657698,3,-0.08845919573443517,-0.08845919573444316,-1.0841666666666743,1.0913603528308582,0.08988314711781523,0.08988314711782051,1.0841666666666743,1.0915930200320694,0.0024394959960359996,0.002439495996036119,0.0,0.0,0.0,0,0.0,0.0
1762438909.689971,167.480685041,3,-0.08843869800244875,-0.08843869800244963,-1.0816666666666743,1.0888735392076214,0.08794007034058905,0.08794007034059434,1.0835054633236996,1.090619549153288,0.015275235726865911,0.015275235726867096,0.0011443142058217707,0.001144314205821863,0.1,0,0.0,0.0
1762438909.7898736,167.580575623,3,-0.0884218169684523,-0.08842181696845941,-1.0791666666666737,1.086387375606172,0.08984404696538095,0.08984404696538756,1.0791666666666737,1.0866207249977775,0.002438425410910736,0.002438425410910886,0.0,0.0,0.0,0,0.0,0.0
1762438909.8898444,167.680515418,3,-0.08841101916849503,-0.08841101916849414,-1.0766666666666738,1.0839022685334458,0.08790634050204696,0.08790634050205043,1.0785054659262017,1.0856468530022172,0.01526928790690924,0.015269287906909772,0.0011438832674909457,0.0011438832674909754,0.1,0,0.0,0.0
1762438909.9897125,167.780332477,3,-0.08839113502375007,-0.08839113502374563,-1.0741666666666743,1.0814157448823125,0.08981544295131891,0.0898154429513169,1.0741666666666743,1.081650431222064,0.0024376671776502497,0.002437667177650206,0.0,0.0,0.0,0,0.0,0.0
1762438910.0894961,167.880201912,3,-0.08836516167882635,-0.08836516167882458,-1.0716666666666743,1.078928286792737,0.08787010035418585,0.08787010035418313,1.0735054685529488,1.08067400268795,0.015262956604861454,0.015262956604860656,0.0011433795999771109,0.001143379599977042,0.1,0,0.0,0.0
1762438910.189552,167.98025304,3,-0.08834344138812078,-0.08834344138812078,-1.0691666666666744,1.0764415861456302,0.08976747421259655,0.08976747421259809,1.0691666666666744,1.0766771846584964,0.0024363723334382054,0.002436372333438241,0.0,0.0,0.0,0,0.0,0.0
1762438910.2899108,168.080578325,3,-0.08849234199886702,-0.08849234199886791,-1.0666666666666738,1.0739830384892872,0.08781798455416787,0.08781798455416906,1.068532892081188,1.0757260516886722,0.015166728915921007,0.015166728915921268,0.0011339605854038845,0.0011339605854039066,0.1,0,0.0,0.0
1762438910.3898268,168.180531671,3,-0.0884651653101578,-0.08846516531015158,-1.064166666666674,1.0714956207988748,0.0898899833807488,0.08988998338074466,1.064166666666674,1.071732761778253,0.0024396875090085665,0.0024396875090084676,0.0,0.0,0.0,0,0.0,0.0
1762438910.4899356,168.280622286,3,-0.0884462397337149,-0.08844623973370869,-1.061666666666674,1.069009628467954,0.08794607693699304,0.08794607693698614,1.0635054738805398,1.0707534346762961,0.0152596670046286,0.015259667004627404,0.0011341676298487668,0.001134167629848668,0.1,0,0.0,0.0
1762438910.5897818,168.380434018,3,-0.08843290015662753,-0.08843290015661864,-1.0591666666666744,1.066524628612962,0.08985551335476287,0.08985551335475571,1.0591666666666744,1.0667624170068464,0.0024387341992776644,0.0024387341992774727,0.0,0.0,0.0,0,0.0,0.0
1762438910.6896234,168.480272439,3,-0.08841680080408842,-0.08841680080408398,-1.0566666666666744,1.0640392407112247,0.08791613749195668,0.08791613749194846,1.0585054765820836,1.0657825005212234,0.015254528075493622,0.01525452807549194,0.001133800001436883,0.00113380000143675,0.1,0,0.0,0.0
1762438910.789643,168.58029838,3,-0.08838989436842937,-0.08838989436842848,-1.0541666666666738,1.0615521221136766,0.08981515518766676,0.0898151551876665,1.0541666666666738,1.0617913567711386,0.0024376714276598023,0.002437671427659774,0.0,0.0,0.0,0,0.0,0.0
1762438910.8896208,168.680299959,3,-0.08836465554546713,-0.08836465554546091,-1.0516666666666739,1.0590653438183737,0.08786946492995361,0.08786946492995142,1.05350547930927,1.0608090689039225,0.015246279544864303,0.015246279544864221,0.0011331589443821604,0.0011331589443821558,0.1,0,0.0,0.0
1762438910.9895992,168.780290536,3,-0.0883432647829796,-0.0883432647829725,-1.0491666666666741,1.0565792726101957,0.08976779290850767,0.08976779290850061,1.0491666666666741,1.056819382738502,0.002436384550358813,0.0024363845503586213,0.0,0.0,0.0,0,0.0,0.0
1762438911.0900571,168.88074227,3,-0.08848999619435816,-0.08848999619435016,-1.0466666666666742,1.0541214683157158,0.08794088921096771,0.0879408892109597,1.048495610477568,1.055845748763122,0.015158467347528466,0.015158467347526891,0.0011245836939603206,0.0011245836939602005,0.1,0,0.0,0.0
1762438911.1898353,168.980489572,3,-0.08846486340146598,-0.08846486340146242,-1.0441666666666742,1.0516349613297729,0.08988969307007276,0.08988969307006876,1.0441666666666742,1.0518765809819404,0.0024396769357485568,0.002439676935748444,0.0,0.0,0.0,0,0.0,0.0
1762438911.2897828,169.080445821,3,-0.08844408992660924,-0.08844408992660746,-1.0416666666666736,1.049149254648904,0.08794586736779113,0.08794586736778807,1.0435054848420489,1.0508913588328648,0.015243117428296581,0.015243117428296066,0.0011239685349841739,0.0011239685349841413,0.1,0,0.0,0.0
1762438911.3897452,169.180416029,3,-0.08842200911888298,-0.08842200911888387,-1.0391666666666741,1.0466633959895446,0.08984681488227912,0.08984681488227754,1.0391666666666741,1.0469060422980219,0.0024385179780046897,0.0024385179780046207,0.0,0.0,0.0,0,0.0,0.0
1762438911.4898553,169.280557012,3,-0.08840320466824814,-0.08840320466825435,-1.0366666666666742,1.0441781605497342,0.0879026904831551,0.08790269048315703,1.038505487648396,1.0459194107885117,0.01523544577994061,0.01523544577994096,0.0011233953853703436,0.001123395385370383,0.1,0,0.0,0.0
1762438911.589871,169.380530291,3,-0.08839414804616119,-0.08839414804616919,-1.0341666666666742,1.0416946506832387,0.08981634723192325,0.08981634723193001,1.0341666666666742,1.0419379285277182,0.002437674793577948,0.0024376747935781254,0.0,0.0,0.0,0,0.0,0.0
1762438911.6896784,169.480345438,3,-0.0883765160717278,-0.08837651607173846,-1.0316666666666743,1.0392097614519802,0.08787710572856504,0.0878771057285731,1.0335054904818959,1.040950705018583,0.01523119798438202,0.015231197984383413,0.0011230997844455123,0.0011230997844456213,0.1,0,0.0,0.0
1762438911.789904,169.580557019,3,-0.08850384411781675,-0.08850384411782741,-1.029166666666674,1.0367496750060046,0.08993214740164795,0.08993214740165885,1.029166666666674,1.0369954725312633,0.0024408549254110595,0.0024408549254113436,0.0,0.0,0.0,0,0.0,0.0
1762438911.8899505,169.680623578,3,-0.0884613511607828,-0.08846135116078635,-1.026666666666674,1.0342607339268193,0.0879769990299778,0.08797699902998476,1.028505493342945,1.0360035977511166,0.01521540047829058,0.015215400478291853,0.0011039705959513739,0.001103970595951455,0.1,0,0.0,0.0
1762438911.9896476,169.780298808,3,-0.08842567234409593,-0.08842567234409238,-1.0241666666666742,1.0317730177563944,0.08985310335405225,0.0898531033540496,1.0241666666666742,1.0320196323112434,0.00243870751213489,0.002438707512134818,0.0,0.0,0.0,0,0.0,0.0
1762438912.090136,169.880811002,3,-0.08838102562732963,-0.0883810256273243,-1.0216666666666743,1.0292838234227086,0.08789852278302182,0.08789852278301803,1.0235054962319499,1.0310265764915492,0.015218220129121322,0.015218220129120864,0.0011131301220066163,0.0011131301220065855,0.1,0,0.0,0.0
1762438912.1895726,169.980235729,3,-0.08834548913004348,-0.08834548913004259,-1.0191666666666743,1.026796253082233,0.08977093597847191,0.08977093597847097,1.0191666666666743,1.0270434929141812,0.0024364801031288258,0.0024364801031288006,0.0,0.0,0.0,0,0.0,0.0
1762438912.289761,170.080436533,3,-0.08832730241647901,-0.08832730241647635,-1.0166666666666737,1.024311737614809,0.08782686901666743,0.08782686901666466,1.0185054991493179,1.026050958598033,0.015205545556013646,0.015205545556013009,0.0011122298746056814,0.0011122298746056283,0.1,0,0.0,0.0
1762438912.3894792,170.180174834,3,-0.0883122041307356,-0.08831220413073826,-1.014166666666674,1.0218278321589456,0.08973611238312632,0.08973611238312815,1.014166666666674,1.0220759108349375,0.002435522421177268,0.0024355224211773086,0.0,0.0,0.0,0,0.0,0.0
1762438912.4894571,170.28017121,3,-0.08829900636321142,-0.08829900636321941,-1.011666666666674,1.0193443350967923,0.08779556469667052,0.08779556469667531,1.0135055020954709,1.0210825261155967,0.01520012717656819,0.01520012717656914,0.001111843870208608,0.0011118438702086902,0.1,0,0.0,0.0
1762438912.5899355,170.380607441,3,-0.08845103142200017,-0.08845103142201349,-1.009166666666674,1.0168896356195,0.0897913558438291,0.08979135584384267,1.009166666666674,1.017124543150776,0.0023464913043069477,0.002346491304307291,0.0,0.0,0.0,0,0.0,0.0
1762438912.6897886,170.48044736,3,-0.08841976450609046,-0.088419764506102,-1.0066666666666744,1.014403217309774,0.08787779360706507,0.08787779360707823,1.0084956337043198,1.0161242327684012,0.01511440965767733,0.015114409657679819,0.0011034042101962453,0.0011034042101964318,0.1,0,0.0,0.0
1762438912.789696,170.580337843,3,-0.08838645135420364,-0.08838645135420986,-1.004166666666674,1.0119165103952195,0.08981286129293223,0.08981286129293828,1.004166666666674,1.0121676711650631,0.002437616166973188,0.002437616166973345,0.0,0.0,0.0,0,0.0,0.0
1762438912.889604,170.680282639,3,-0.08835518632855788,-0.08835518632856054,-1.001666666666674,1.0094302298888391,0.08786348637875631,0.0878634863787602,1.0035055080758533,1.0111692683304003,0.015195460666469986,0.015195460666470642,0.0011025304787191468,0.0011025304787191902,0.1,0,0.0,0.0
1762438912.9897778,170.780436024,3,-0.08832757022160287,-0.08832757022161175,-0.9991666666666741,1.0069446594030371,0.08975242818610829,0.08975242818611459,0.9991666666666741,1.0071966166088917,0.0024359764949842483,0.002435976494984377,0.0,0.0,0.0,0,0.0,0.0
1762438913.0895095,170.880210278,3,-0.06335533295613871,-0.074999879146735,-1.0008333333333406,1.0056372314095843,0.06474866358065613,0.07640716563987968,1.0008333333333406,1.0058318972411477,0.0017606793424696028,0.0020755463949028987,0.0,0.0,0.0,0,0.0,0.0
1762438913.189722,170.980388901,3,-0.039065962464231774,-0.06204018185703131,-1.0025000000000073,1.0051772896301054,0.04029881837623609,0.0633610314806499,1.0025000000000073,1.005308343282213,0.001099137006085604,0.0017225632363553319,0.0,0.0,0.0,0,0.0,0.0
1762438913.2897415,171.080450452,3,-0.016044791509418843,-0.04975246335649608,-1.0041666666666742,1.0055264478814467,0.017098596104515803,0.051015763196859625,1.0041666666666742,1.0056071124090973,0.00048812385200441003,0.0014397626663016016,0.0,0.0,0.0,0,0.0,0.0
1762438913.3899744,171.180672259,3,0.005269183297137658,-0.0384537660160893,-1.005833333333341,1.0065819146288586,0.00463517177706925,0.03942935407698098,1.0058333333333411,1.0066165373292806,0.00011388634879390302,0.0010339317362195405,0.0,0.0,0.0,0,0.0,0.0
1762438913.4896927,171.28033246,3,0.024889156356387332,-0.027984862006934286,-1.0075000000000074,1.0081958503216002,0.024508676665532286,0.028855191104717424,1.0075000000000074,1.0082110628661047,0.0006579307324950567,0.0007869163335319378,0.0,0.0,0.0,0,0.0,0.0
1762438913.589656,171.380292047,3,0.04266508709596373,-0.01849384746552918,-1.009166666666674,1.010237443951723,0.04259518349869969,0.019199708388151993,1.009166666666674,1.0102476624920267,0.0011491101639295226,0.0005247367354087019,0.0,0.0,0.0,0,0.0,0.0
1762438913.68954,171.480206233,3,0.058640985194372774,-0.009958938742382628,-1.0108333333333406,1.0125818354005929,0.05887257047699221,0.010504052154318187,1.0108333333333406,1.0126007813763633,0.0015913233082029661,0.0002884849622108243,0.0,0.0,0.0,0,0.0,0.0
1762438913.7897732,171.580428081,3,0.07290767952079413,-0.002340375700248032,-1.0125000000000075,1.015124256971303,0.07342285320059294,0.0027389927632740776,1.0125000000000075,1.0151623847707756,0.001986735750582627,7.730621783039118e-05,0.0,0.0,0.0,0,0.0,0.0
1762438913.8895578,171.680236202,3,0.08558832591821286,0.004427224243547023,-1.0141666666666742,1.0177814056199779,0.08636539798354095,0.004182093069388589,1.0141666666666742,1.0178460097918003,0.0023385406832211334,0.00011046671071878493,0.0,0.0,0.0,0,0.0,0.0
1762438913.9894693,171.780174688,3,0.09681651137392677,0.010418329263423232,-1.0158333333333407,1.0204897547601273,0.097831872201356,0.010297759242935852,1.015833333333341,1.0205853615327698,0.002650280200176385,0.0002768169235611566,0.0,0.0,0.0,0,0.0,0.0
1762438914.089726,171.880412635,3,0.10673210400200972,0.015707863383413567,-1.0175000000000074,1.0232031709278382,0.1079624783711127,0.015701450792991976,1.0175000000000074,1.0233321466137242,0.0029257391091087274,0.0004237669753107677,0.0,0.0,0.0,0,0.0,0.0
1762438914.1895566,171.980259956,3,0.1154618629120776,0.02036768779271192,-1.0191666666666739,1.0258883852240497,0.11688597890752872,0.0204639232549035,1.0191666666666739,1.02605155750801,0.0031684187504494804,0.0005532859852451315,0.0,0.0,0.0,0,0.0,0.0
1762438914.2896962,172.080356382,3,0.12332195204876228,0.024487275632665728,-1.020833333333341,1.028546851130024,0.12482318686041946,0.02466313611311308,1.0208333333333413,1.0287321287416786,0.0032586252535678115,0.0006427333160990967,0.0,0.0,0.0,0,0.0,0.0
1762438914.3898256,172.180529422,3,0.13006286236485565,0.02809097372677183,-1.0225000000000075,1.0311215742925142,0.13170891979371624,0.02834379140034154,1.0225000000000075,1.0313374132960507,0.0034389620066065186,0.0007391254733542007,0.0,0.0,0.0,0,0.0,0.0
1762438914.4897459,172.280388202,3,0.13597487238627082,0.03125005843758277,-1.024166666666674,1.0336261863865202,0.13785674036222,0.03159026286685406,1.024166666666674,1.0338857706160869,0.003738745280771148,0.0008558999672791306,0.0,0.0,0.0,0,0.0,0.0
1762438914.5899544,172.380615877,3,0.14115242119562943,0.034015657647615605,-1.0258333333333407,1.0360574784983605,0.1431556583603296,0.034420232223327775,1.0258333333333407,1.036345657917608,0.0038829049108106677,0.0009328885059492701,0.0,0.0,0.0,0,0.0,0.0
1762438914.6896596,172.480316595,3,0.14565760607920453,0.03642926404466351,-1.0275000000000072,1.0384119989135214,0.14777212526276448,0.03689142198142305,1.0275000000000072,1.0387270228604337,0.004008547998001843,0.0010001286717672764,0.0,0.0,0.0,0,0.0,0.0
1762438914.7894604,172.580166111,3,0.14957224242830947,0.038533475976040954,-1.0291666666666743,1.040692419619564,0.15178088081655164,0.039045455324932345,1.0291666666666741,1.0410312248634872,0.004117634745999125,0.0010587370086361098,0.0,0.0,0.0,0,0.0,0.0
1762438914.889852,172.680564618,3,0.1529889000997553,0.04037074673887542,-1.0308333333333408,1.0429059218630958,0.15527783489743185,0.04092590928885221,1.0308333333333408,1.0432657845308069,0.004212771327329585,0.0011098971141384614,0.0,0.0,0.0,0,0.0,0.0
1762438914.9899635,172.780658221,3,0.15624032433797552,0.04204244939986346,-1.0325000000000075,1.045100404985469,0.15846156232991027,0.04260050244528034,1.0325000000000073,1.0454573733752333,0.00413969627272573,0.001112547268645997,0.0,0.0,0.0,0,0.0,0.0
1762438915.09013,172.880801668,3,0.15883660401919109,0.043442263555863114,-1.034166666666674,1.0471948202143029,0.16125556051514559,0.04406755950204415,1.034166666666674,1.0475905688970188,0.00437534643861301,0.0011953545328185254,0.0,0.0,0.0,0,0.0,0.0
1762438915.1898441,172.980507412,3,0.1611232165629488,0.04466874824725231,-1.0358333333333405,1.049241003025533,0.16359311037151622,0.04532229493080321,1.0358333333333405,1.0496511375801396,0.0044389145763438775,0.0012294856392529262,0.0,0.0,0.0,0,0.0,0.0
1762438915.2897437,173.080426348,3,0.16311376919746934,0.04573722662769164,-1.0375000000000076,1.0512393854881075,0.16563444681000186,0.046417146868796014,1.0375000000000076,1.0516632405354438,0.004494478255122872,0.0012592814080251628,0.0,0.0,0.0,0,0.0,0.0
1762438915.3896778,173.180307214,3,0.1648412835343489,0.046666422292190646,-1.0391666666666741,1.0531940774795172,0.1674027644977954,0.04736840600309923,1.0391666666666741,1.0536293525523601,0.004542593915062224,0.001285164985163606,0.0,0.0,0.0,0,0.0,0.0
1762438915.489902,173.28056436,3,0.16633162878214236,0.0474719595885329,-1.0408333333333408,1.0551084425111426,0.16893289099518166,0.04819433640198674,1.040833333333341,1.0555543773292835,0.004584268089139435,0.0013076493714962174,0.0,0.0,0.0,0,0.0,0.0
1762438915.589438,173.380141455,3,0.1676255456594813,0.04817250843872323,-1.0425000000000073,1.0569887246924317,0.1702578039649315,0.04891165663961873,1.0425000000000073,1.0574432939719314,0.004620323583290539,0.0013271690280973706,0.0,0.0,0.0,0,0.0,0.0
1762438915.6897001,173.480381432,3,0.16875294816830788,0.04878289289096127,-1.0441666666666738,1.058839627107004,0.17141234513015452,0.04953667641258996,1.0441666666666738,1.059301704969277,0.004651738505074489,0.0013441757355833637,0.0,0.0,0.0,0,0.0,0.0
1762438915.7894974,173.580200146,3,0.1697426953849419,0.04931711958360552,-1.045833333333341,1.0606658861449707,0.17242347138407665,0.05008292477554601,1.0458333333333407,1.061134069733573,0.004679229244679283,0.0013590320230632135,0.0,0.0,0.0,0,0.0,0.0
1762438915.8895822,173.680283047,3,0.17092122576150537,0.049873818994131014,-1.0475000000000074,1.0625242177178318,0.17346562000030713,0.05060554506053216,1.0475000000000074,1.0629710685211426,0.0045327068032603125,0.0013222402850611335,0.0,0.0,0.0,0,0.0,0.0
1762438915.9897697,173.780450997,3,0.1716450601479398,0.050272096292022894,-1.0491666666666741,1.0643025907998365,0.17420844602642446,0.051013574577771476,1.0491666666666741,1.0647542730144848,0.00455220255802683,0.0013329400693637009,0.0,0.0,0.0,0,0.0,0.0
1762438916.0898342,173.880502254,3,0.17228041117663295,0.05062031431326108,-1.0508333333333406,1.0660645621822455,0.17501925043248973,0.051416480336618366,1.0508333333333406,1.0665486800501027,0.004749835868912244,0.001395310599822918,0.0,0.0,0.0,0,0.0,0.0
1762438916.1899712,173.980641555,3,0.17282691044550624,0.05092153123115484,-1.0525000000000073,1.0678100923465181,0.17557856787286374,0.05172483245022663,1.0525000000000073,1.0682974968557706,0.0047650592307620695,0.0014037021969433184,0.0,0.0,0.0,0,0.0,0.0
1762438916.2897458,174.080391674,3,0.17330753414760558,0.0511852160351447,-1.0541666666666742,1.0695432617916933,0.17607143641044556,0.051995061669832594,1.0541666666666742,1.0700336435219289,0.004778475188582677,0.0014110567626136991,0.0,0.0,0.0,0,0.0,0.0
1762438916.389876,174.18053049,3,0.17372421352518153,0.051414242566352186,-1.055833333333341,1.0712644652378835,0.17649804484353682,0.05222957200515934,1.055833333333341,1.071757209354445,0.0047900783420053725,0.001417436524125834,0.0,0.0,0.0,0,0.0,0.0
1762438916.4895308,174.280185558,3,0.1740785972512633,0.05161116427752699,-1.0575000000000074,1.072974053879713,0.1768649898329636,0.05243241576608586,1.0575000000000077,1.0734694373160785,0.004800093088487763,0.0014229648773367617,0.0,0.0,0.0,0,0.0,0.0
1762438916.5894082,174.380112662,3,0.17436909264549527,0.05177730198757935,-1.059166666666674,1.0746718090882068,0.17716320488585702,0.05260276284819276,1.0591666666666741,1.0751687679627255,0.004808222239926408,0.0014276044377408564,0.0,0.0,0.0,0,0.0,0.0
1762438916.6897075,174.48036432,3,0.17462149245269032,0.05192179524311058,-1.0608333333333406,1.0763623458477163,0.1774219593775486,0.05275081346637743,1.0608333333333408,1.0768605114414123,0.00481526569041242,0.0014316337787859963,0.0,0.0,0.0,0,0.0,0.0
1762438916.7899363,174.580601944,3,0.17485495878237067,0.052051667000546864,-1.0625000000000075,1.0780491095717004,0.17765792440314274,0.052882881725034574,1.0625000000000073,1.078547721374809,0.004821657424851498,0.0014352188479707514,0.0,0.0,0.0,0,0.0,0.0
1762438916.8901086,174.680762921,3,0.17504495222932626,0.05216082413525136,-1.0641666666666743,1.0797278274268456,0.17785856983532491,0.052996463230201955,1.0641666666666745,1.0802282121955704,0.00482716631738498,0.0014383240524656511,0.0,0.0,0.0,0,0.0,0.0
1762438916.9898562,174.780518072,3,0.17552076551715778,0.05234821516560384,-1.0658333333333407,1.0814566885470789,0.17817268718780926,0.053136852769312876,1.0658333333333407,1.081928706535885,0.004656071478806246,0.0013885702285634524,0.0,0.0,0.0,0,0.0,0.0
1762438917.089786,174.880445597,3,0.17565523406261185,0.0524282692059872,-1.0675000000000072,1.0831249857082708,0.17847334733348325,0.05326728232593812,1.0675000000000072,1.083626498879953,0.004843817833113983,0.001445670103607073,0.0,0.0,0.0,0,0.0,0.0
1762438917.1896067,174.98027253,3,0.1757757297276683,0.05249898709796508,-1.069166666666674,1.0847905843612091,0.17859991422597427,0.05334064732029682,1.069166666666674,1.0852928246004394,0.004847279089957691,0.0014476715917766613,0.0,0.0,0.0,0,0.0,0.0
1762438917.2897067,175.080336591,3,0.17586370699286924,0.05255550962854194,-1.0708333333333409,1.0864502532593858,0.1786916026111645,0.053399004492455965,1.070833333333341,1.0869526992019138,0.004849790934431341,0.0014492645930069548,0.0,0.0,0.0,0,0.0,0.0
1762438917.389795,175.180444707,3,0.1759389247878822,0.05260430876111055,-1.0725000000000076,1.0881075170017742,0.17876780303366308,0.05344873002307456,1.0725000000000076,1.0886096380900632,0.0048518593742003895,0.0014506161677116927,0.0,0.0,0.0,0,0.0,0.0
1762438917.4895608,175.280262149,3,0.17601386021308585,0.05264961698661885,-1.074166666666674,1.0897646025329246,0.17884247579412652,0.05349451060696441,1.0741666666666743,1.0902661700663032,0.004853873213643247,0.001451856502782822,0.0,0.0,0.0,0,0.0,0.0
1762438917.5897167,175.380331946,3,0.1763950412997719,0.05278349815149763,-1.0758333333333407,1.0914754552363441,0.17923308747272856,0.053631679389991346,1.0758333333333405,1.091979037248575,0.004864493829910801,0.001455586426182742,0.0,0.0,0.0,0,0.0,0.0
1762438917.6897397,175.480365597,3,0.1763853206175945,0.052798018174936345,-1.0775000000000072,1.0931174054293473,0.17923071855551787,0.05364881489539914,1.077500000000007,1.0936215505437077,0.0048645005470317965,0.00145607396879881,0.0,0.0,0.0,0,0.0,0.0
1762438917.7897272,175.580341252,3,0.1763534758651275,0.05280366994688812,-1.0791666666666744,1.0947554386501275,0.17920050210524052,0.05365531847190131,1.0791666666666744,1.0952590595834175,0.004863704363224336,0.0014562587246881858,0.0,0.0,0.0,0,0.0,0.0
1762438917.8895702,175.680231377,3,0.17632749112526547,0.05280910797260674,-1.0808333333333409,1.096394491255704,0.17917189481277088,0.05366029015650926,1.080833333333341,1.096896845229733,0.004862913553542587,0.0014563903133194612,0.0,0.0,0.0,0,0.0,0.0
1762438917.9894202,175.780124401,3,0.17632918505811546,0.05282111529537126,-1.0825000000000073,1.0980383880922933,0.1791686108476933,0.05367108476101365,1.0825000000000076,1.098539132872622,0.0048627784506895064,0.0014566703623112556,0.0,0.0,0.0,0,0.0,0.0
1762438918.0897257,175.880347176,3,0.1763461840424423,0.05283621473989708,-1.084166666666674,1.0996849563968303,0.17918555510532744,0.05368640828836504,1.0841666666666738,1.1001850093072691,0.004863223383805144,0.0014570824999017267,0.0,0.0,0.0,0,0.0,0.0
1762438918.1900406,175.980678,3,0.17668602934595157,0.05294671876383905,-1.0858333333333405,1.10138791339459,0.17936064038322982,0.05374777239753386,1.0858333333333405,1.1018589247876394,0.004687151103752167,0.0014045624620401534,0.0,0.0,0.0,0,0.0,0.0
1762438918.2898252,176.080478543,3,0.1766708769441454,0.05294979380227893,-1.0875000000000077,1.1030287980936553,0.17951433573232098,0.05380159867678222,1.0875000000000075,1.1035290022258637,0.004872142791516382,0.001460208798646132,0.0,0.0,0.0,0,0.0,0.0
1762438918.3896785,176.180318104,3,0.17666584965156495,0.052954919611000406,-1.0891666666666742,1.1046714777353088,0.17950552949406112,0.05380575139126375,1.0891666666666744,1.1051702682299755,0.004871878257083497,0.0014603143327802405,0.0,0.0,0.0,0,0.0,0.0
1762438918.4897563,176.280371466,3,0.17667426193110103,0.05296321441435925,-1.0908333333333406,1.1063165270487139,0.17951486736700853,0.05381446262813607,1.0908333333333409,1.1068147745241195,0.0048721366607425085,0.001460552668756999,0.0,0.0,0.0,0,0.0,0.0
1762438918.589865,176.380518215,3,0.1766764711244928,0.052968902854633626,-1.0925000000000074,1.1079605273287687,0.17951700664415643,0.05382025089141469,1.0925000000000071,1.1084580393864754,0.0048721908002519725,0.0014607089531262502,0.0,0.0,0.0,0,0.0,0.0
1762438918.6897073,176.480336226,3,0.17666440335787748,0.052969662796534145,-1.0941666666666738,1.109602086801856,0.17950666222543252,0.05382163225807385,1.094166666666674,1.1100991416655988,0.00487193121374571,0.0014607531018373666,0.0,0.0,0.0,0,0.0,0.0
1762438918.7901516,176.580817929,3,0.17665258904828107,0.05296993439373843,-1.095833333333341,1.1112437381653042,0.17949522214540026,0.05382210698983095,1.0958333333333412,1.1117400993120259,0.004871622630252446,0.001460766827538372,0.0,0.0,0.0,0,0.0,0.0
1762438918.8934917,176.684148806,3,0.1785369809105255,0.05353822244657902,-1.0975000000000075,1.1132151835181736,0.18091387586114255,0.05425083494261772,1.0975000000000072,1.1136333479072402,0.004363045094966219,0.001308349570793914,0.0,0.0,0.0,0,0.0,0.0
1762438918.989562,176.780259929,3,0.1629938624354299,0.04887805922512101,-1.0975000000000075,1.110613485360794,0.17330144341795148,0.0519685003412448,1.0975000000000075,1.1123130698317267,0.028557815262979413,0.008563761087311583,0.001849541029007788,0.0005546323042970583,0.1,0,0.0,0.0
1762438919.089352,176.880066004,3,0.16180454967567393,0.04852412880351853,-1.0991666666666742,1.112071339655427,0.1648538007311639,0.049438435931175244,1.0991666666666742,1.1125593447874853,0.021096387512724718,0.006326643226140592,0.0018749269163635307,0.0005622761661856743,0.1,0,0.0,0.0
1762438919.1910217,176.981654243,3,0.16200360944155712,0.0485861923702835,-1.1008333333333407,1.1137503379747764,0.1647745197467614,0.049417089040995746,1.1008333333333407,1.1141933040657062,0.020865799430136375,0.006257802105634264,0.001835767244420661,0.0005505598028798902,0.1,0,0.0,0.0
1762438919.290179,177.080802017,3,0.16295072825528756,0.04887229926338588,-1.1025000000000071,1.1155481573980723,0.16567315379328157,0.04968870208035857,1.102500000000007,1.1159851302782928,0.021008831817251057,0.006300964796922338,0.0018654746408098854,0.0005594928778499964,0.1,0,0.0,0.0
1762438919.3903463,177.180959164,3,0.1637638146359457,0.04911796255682166,-1.1041666666666743,1.1173250149386453,0.16645279884737466,0.04992437835543124,1.104166666666674,1.117758026397527,0.021105479656566634,0.006330186002579648,0.0018740881297768415,0.0005620970560335991,0.1,0,0.0,0.0
1762438919.4900177,177.280651707,3,0.16475074154056735,0.049415531532655876,-1.1058333333333408,1.1191300472715175,0.16741700312645583,0.050215170147919666,1.1058333333333408,1.1195612432377051,0.02122583800767476,0.006366488303072497,0.0018848052839582192,0.0005653294879202637,0.1,0,0.0,0.0
1762438919.589854,177.380492213,3,0.16640575600547614,0.049913272823370214,-1.1075000000000075,1.1210434694674916,0.1689191786792534,0.05066710329137729,1.1075000000000073,1.1214531172909676,0.021198625648321066,0.006358499907709297,0.0018632110115973665,0.000558867759047692,0.1,0,0.0,0.0
1762438919.6899848,177.480611027,3,0.16760456982352956,0.05027402274630699,-1.109166666666674,1.1228844391268797,0.17014570513858637,0.05103619147820771,1.109166666666674,1.1233009161672431,0.021321582175954094,0.006395531097736114,0.0018565548640259522,0.0005568843664354323,0.1,0,0.0,0.0
1762438919.7900424,177.580683993,3,0.1686703357573407,0.05059471779767044,-1.1108333333333407,1.1247044954466843,0.17122727007358607,0.05136164848488335,1.1108333333333407,1.125125544726631,0.02142553492511328,0.006426842686075548,0.0018480409760285432,0.0005543418217365292,0.1,0,0.0,0.0
1762438919.8901114,177.680747464,3,0.16967708168495754,0.05089757921166527,-1.1125000000000076,1.1265154795291312,0.17224437565503894,0.0516676375420894,1.1125000000000076,1.1269400692645515,0.02152116966656853,0.006455642049631795,0.0018386399529209212,0.000551531491893856,0.1,0,0.0,0.0
1762438919.9900699,177.780712015,3,0.1703066649805649,0.05108719461249844,-1.114166666666674,1.128264872581481,0.17287876312002437,0.05185871194085105,1.1141666666666739,1.1286911685014644,0.021600380455245143,0.006479499985038139,0.0018454097807839203,0.0005535705215635868,0.1,0,0.0,0.0
1762438920.0898328,177.880460046,3,0.17090137274582062,0.05126624609470287,-1.1158333333333408,1.1300086437602337,0.1736448757857894,0.05208919395613698,1.1158333333333406,1.1304644420730163,0.0218552256689646,0.006556030797025245,0.0018518691823001152,0.0005555153166572118,0.1,0,0.0,0.0
1762438920.1899507,177.980540427,3,0.1714384379837366,0.05142791823536985,-1.1175000000000073,1.1317430003284066,0.1741901160922142,0.05225333256219581,1.117500000000007,1.1322008908793926,0.021923834272854593,0.006576684629172305,0.0018576822604833038,0.0005572652696763299,0.1,0,0.0,0.0
1762438920.291111,178.081731929,3,0.1722685429537023,0.05167741814924298,-1.119166666666674,1.1335259301029497,0.17486420441094416,0.05245604398686817,1.1191666666666742,1.1339590620092153,0.021816477410807358,0.006544542258551289,0.0018459621291516777,0.0005537547525537744,0.1,0,0.0,0.0
1762438920.3902829,178.180891935,3,0.17272499165517452,0.051814766989247474,-1.120833333333341,1.1352471334170187,0.17549070162048502,0.0526444131466244,1.120833333333341,1.135709373784478,0.022055489270212787,0.00661629571677186,0.001850858016767652,0.0005552279839041354,0.1,0,0.0,0.0
1762438920.4898756,178.280489223,3,0.17314356511219842,0.05194069748190344,-1.1225000000000076,1.1369620838861276,0.17591496039320845,0.0527720582322485,1.1225000000000076,1.1374256957798297,0.02210881753542208,0.0066323403069666,0.0018553344226400644,0.0005565747696209576,0.1,0,0.0,0.0
1762438920.5901232,178.380778794,3,0.17382934319109822,0.05214673598057562,-1.124166666666674,1.1387214835385067,0.1764491386369919,0.05293262727583469,1.124166666666674,1.139160592717515,0.02198184067999333,0.006594289282371056,0.0018418751827502502,0.0005525405535459803,0.1,0,0.0,0.0
1762438920.6898773,178.480515761,3,0.17412572077936872,0.052235919940918585,-1.1258333333333406,1.1404161750928778,0.17675455936213055,0.05302453041388524,1.1258333333333406,1.1408569014233885,0.022019793754903663,0.006605709639105049,0.0018450484403351023,0.0005534954121928193,0.1,0,0.0,0.0
1762438920.7908208,178.581462994,3,0.17467367767720177,0.05240053805966749,-1.1275000000000073,1.1421527743967697,0.17731790466704786,0.05319377025239788,1.127500000000007,1.1425968083751998,0.02202447898309357,0.006607145469799244,0.001809138961952224,0.0005427254326005125,0.1,0,0.0,0.0
1762438920.889676,178.68028642,3,0.17480873405273734,0.05244126067891486,-1.1291666666666742,1.1438205892681959,0.17762923550248638,0.05328737783267217,1.1291666666666744,1.1442941278590082,0.022258231029040263,0.006677295281738514,0.0018314546064374792,0.0005494220861445742,0.1,0,0.0,0.0
1762438920.9898806,178.780519097,3,0.17522199348324463,0.052565414258805454,-1.130833333333341,1.1455347648824268,0.17805465638752851,0.05341518407345209,1.130833333333341,1.1460107636181593,0.022278394458581128,0.00668336713588325,0.0018148647606852934,0.0005444471333106502,0.1,0,0.0,0.0
1762438921.0899558,178.880621923,3,0.1756048043199936,0.05268041053299566,-1.1325000000000074,1.1472438812014667,0.17827125372496608,0.053480321618951096,1.1325000000000074,1.1476920469817478,0.022109512478475982,0.006632723489725939,0.001797857222828683,0.0005393465944090353,0.1,0,0.0,0.0
1762438921.1899579,178.980592361,3,0.17563628038958257,0.05268998898070887,-1.1341666666666739,1.148894410163819,0.17847195365557073,0.053540669065171034,1.1341666666666739,1.149370640508699,0.02229784328023728,0.0066892389078411245,0.0017981822643107126,0.0005394454980492745,0.1,0,0.0,0.0
1762438921.2901115,179.080752932,3,0.17597679080295414,0.05279225760429895,-1.1358333333333406,1.1505964603089098,0.17865293432923202,0.053595082724351255,1.1358333333333406,1.1510459004521942,0.022123530065351487,0.006636960719249903,0.0017807060797577026,0.0005342039275676928,0.1,0,0.0,0.0
1762438921.3899302,179.180572671,3,0.1759258922480189,0.052777090715729,-1.1375000000000077,1.152233305744846,0.17877659442453564,0.053632284786889216,1.1375000000000077,1.152711474171015,0.022302090234660718,0.006690540987306035,0.0017801997057797306,0.000534053055309839,0.1,0,0.0,0.0
1762438921.4906378,179.28125765,3,0.17619756498344863,0.05285867998098048,-1.1391666666666742,1.1539238780785714,0.179050553358991,0.053714562054364104,1.1391666666666742,1.1544024641689374,0.022303260397307845,0.0066909033207244225,0.0017619756498344864,0.0005285867998098048,0.1,0,0.0,0.0
1762438921.5899773,179.380632552,3,0.17645069657369028,0.05293469563832609,-1.1408333333333407,1.1556113640701722,0.17913468632790666,0.05373988075365037,1.1408333333333407,1.1560613759976912,0.004681368296664778,0.0014043967289689584,0.0,0.0,0.0,0,0.0,0.0
1762438921.6900754,179.480716327,3,0.1763717123763371,0.052911067913464116,-1.1425000000000074,1.1572436269145412,0.17905904167885792,0.053717256446746076,1.1425000000000072,1.1576933678859584,0.004679419555356193,0.0014038139168789064,0.0,0.0,0.0,0,0.0,0.0
1762438921.789966,179.580581136,3,0.17625675549827946,0.052876639578079754,-1.1441666666666739,1.1588700289432712,0.17911834156292353,0.05373510591016093,1.1441666666666739,1.1593481802299754,0.004861618530237101,0.0014584747666383847,0.0,0.0,0.0,0,0.0,0.0
1762438921.8899257,179.68060736,3,0.1764859167864632,0.05294543794220807,-1.145833333333341,1.1605535429271008,0.17917848429958938,0.05375320043597495,1.1458333333333413,1.1610031712147921,0.004682576322259829,0.001404763860675475,0.0,0.0,0.0,0,0.0,0.0
1762438921.9898076,179.780440489,3,0.1763724694328026,0.0529114480831252,-1.1475000000000075,1.1621803299454414,0.17923357864258016,0.05376977367890236,1.1475000000000077,1.1626573503292033,0.004864717150276081,0.001459406982962409,0.0,0.0,0.0,0,0.0,0.0
1762438922.0899415,179.880583409,3,0.17655684478962996,0.052966798560593276,-1.149166666666674,1.1638564468909482,0.17942913376389708,0.053828478990388874,1.149166666666674,1.1643351523386536,0.004870092328136277,0.0014610205913910613,0.0,0.0,0.0,0,0.0,0.0
1762438922.1901145,179.980744626,3,0.17638434855073548,0.052915083322459644,-1.1508333333333407,1.1654736400141439,0.1792537650695853,0.05377590284786738,1.1508333333333405,1.165950737008152,0.004865336053087163,0.0014595946469257376,0.0,0.0,0.0,0,0.0,0.0
1762438922.5483952,180.339162948,4,0.1768858710583725,0.053065568174944566,-1.1525000000000072,1.1672021315546959,0.17959012838642968,0.05387684091045773,1.1525000000000072,1.1676521649020146,0.004693365863411506,0.001408004581170272,0.0,0.0,0.0,0,0.0,0.0
1762438922.548906,180.33967659,4,0.17698603180923556,0.05309564151211266,-1.1541666666666743,1.168864362125745,0.17969799483823617,0.05390922652173198,1.1541666666666743,1.1693152990094315,0.0046962595069041935,0.0014088733468262157,0.0,0.0,0.0,0,0.0,0.0
1762438922.5493872,180.340158388,4,0.17795153326260404,0.05338531276264735,-1.1558333333333408,1.1706696520597684,0.18089051915317228,0.05426700481187426,1.155833333333341,1.1711605279274138,0.004910052947836576,0.001473011775837745,0.0,0.0,0.0,0,0.0,0.0
1762438922.5890384,180.379774941,4,0.17703384132712507,0.05311002555166233,-1.1575000000000073,1.172163770890891,0.1799603749923949,0.05398798244382261,1.1575000000000073,1.1726494313373348,0.0048849565555378095,0.0014654834263275233,0.0,0.0,0.0,0,0.0,0.0
1762438922.6905422,180.481179174,4,0.17665022393744678,0.052994957430293255,-1.159166666666674,1.1737466201192304,0.17954939122872562,0.053864704866754126,1.1591666666666738,1.1742260222938836,0.0048735879142645915,0.0014620733119817039,0.0,0.0,0.0,0,0.0,0.0
1762438922.7900424,180.580686765,4,0.17670931874692464,0.053012700303170845,-1.1608333333333405,1.175402296026016,0.17942161103033266,0.05382638575660615,1.1608333333333403,1.1758500848688718,0.0046890913039535145,0.0014067248347301835,0.0,0.0,0.0,0,0.0,0.0
1762438922.8901973,180.680816734,4,0.17649907645930618,0.052949640328521674,-1.1625000000000076,1.1770139499606305,0.17937456716982575,0.0538122854909424,1.1625000000000076,1.1774876846137876,0.004868656800418722,0.001460594735858174,0.0,0.0,0.0,0,0.0,0.0
1762438922.9903193,180.780949813,4,0.17663661959556975,0.052990914067681416,-1.1641666666666741,1.178682552739996,0.17951109424653336,0.053853254682308595,1.1641666666666741,1.179155814036152,0.004872323303816744,0.0014616949881589697,0.0,0.0,0.0,0,0.0,0.0
1762438923.0901427,180.88076676,4,0.17678668348181326,0.0530359426042617,-1.1658333333333408,1.1803532114479758,0.17948964908366438,0.05384683083235901,1.1658333333333408,1.180797771182684,0.004690758429625622,0.001407225854610762,0.0,0.0,0.0,0,0.0,0.0
1762438923.1901984,180.980792953,4,0.1766251257041045,0.052987483552667136,-1.1675000000000073,1.1819730785611202,0.17932078492353465,0.053796180063651285,1.1675000000000073,1.182415418918009,0.00468631730625112,0.0014058937398316147,0.0,0.0,0.0,0,0.0,0.0
1762438923.289933,181.080556761,4,0.17650906959502422,0.05295267387299418,-1.169166666666674,1.1836004949999228,0.17937116275868267,0.05381130066731228,1.169166666666674,1.184069408672216,0.0048684394157204516,0.001460530514002212,0.0,0.0,0.0,0,0.0,0.0
1762438923.3899977,181.180624105,4,0.17672255613149446,0.05301672591717743,-1.170833333333341,1.1852815401908057,0.17941641679609258,0.053824883172741866,1.170833333333341,1.1857225911270188,0.0046887791524670075,0.0014066326487302144,0.0,0.0,0.0,0,0.0,0.0
1762438923.4899595,181.280627153,4,0.17660468476949553,0.05298136989778879,-1.1725000000000074,1.1869087960912568,0.17946177181416853,0.053838495142131765,1.1725000000000074,1.187375829761524,0.0048708578958414515,0.00146125637807479,0.0,0.0,0.0,0,0.0,0.0
1762438923.589851,181.380473661,4,0.1765154914409237,0.052954616564274026,-1.1741666666666741,1.1885408159778228,0.1793722976855529,0.05381165768432254,1.174166666666674,1.189006928823738,0.004868431014467921,0.0014605284437872654,0.0,0.0,0.0,0,0.0,0.0
1762438923.6898994,181.480539441,4,0.1764382494845762,0.05293144802033645,-1.1758333333333406,1.1901748702810466,0.1792903902094722,0.053787089585471806,1.1758333333333408,1.1906393756319904,0.004866183162737324,0.001459854201062803,0.0,0.0,0.0,0,0.0,0.0
1762438923.7897396,181.580354186,4,0.17697158321680995,0.0530914515296903,-1.1775000000000073,1.1919076698686903,0.17984774654239905,0.05395429995292161,1.1775000000000075,1.1923768399376962,0.004881414348604894,0.00146442365115578,0.0,0.0,0.0,0,0.0,0.0
1762438923.8901584,181.680792849,4,0.17709140209526097,0.05312740022719531,-1.1791666666666742,1.193573589322737,0.1797984615435718,0.053939517590775435,1.1791666666666742,1.1940146507095952,0.004698829354871882,0.0014096482595460833,0.0,0.0,0.0,0,0.0,0.0
1762438923.9898322,181.780451025,4,0.17686007160151718,0.05305800377546355,-1.1808333333333407,1.1951828302827394,0.17974115569600727,0.053922328568137314,1.180833333333341,1.1956512291133545,0.004878607015803374,0.0014635816110242965,0.0,0.0,0.0,0,0.0,0.0
1762438924.08994,181.880583648,4,0.17699894515155812,0.053099668133545386,-1.1825000000000074,1.1968518919819087,0.17969995384395135,0.053909970385897246,1.1825000000000074,1.1972905279498975,0.0046962264035948775,0.0014088675079304825,0.0,0.0,0.0,0,0.0,0.0
1762438924.1898618,181.980502577,4,0.17685953169427115,0.05305784612313236,-1.184166666666674,1.1984761672352124,0.17955423320293576,0.053866256268116065,1.184166666666674,1.1989128369776922,0.004692373627701792,0.0014077117295306946,0.0,0.0,0.0,0,0.0,0.0
1762438924.2899098,182.080549181,4,0.1767490167927086,0.05302469340874438,-1.1858333333333406,1.2001052151760454,0.1794358586267376,0.05383074569264498,1.1858333333333404,1.2005397415277024,0.004689231014762408,0.0014067689927521885,0.0,0.0,0.0,0,0.0,0.0
1762438924.3904774,182.181097037,4,0.1769924505731879,0.05309772503705368,-1.1875000000000075,1.2017911407411983,0.17968592942623954,0.053905768460648956,1.1875000000000075,1.2022267319882396,0.0046957740450033,0.001408731941863999,0.0,0.0,0.0,0,0.0,0.0
1762438924.4899664,182.280609606,4,0.1771550262532191,0.053146499048618345,-1.1891666666666743,1.2034640895344708,0.1798599528009998,0.05395797680972535,1.189166666666674,1.2039013360712354,0.0047004127419155,0.0014101235859512427,0.0,0.0,0.0,0,0.0,0.0
1762438924.5902112,182.380849434,4,0.17695704650534338,0.053087106286517916,-1.1908333333333407,1.205079277450063,0.17983207149341748,0.05394961359510394,1.1908333333333405,1.2055430985752726,0.004880993418183059,0.0014642978117375574,0.0,0.0,0.0,0,0.0,0.0
1762438924.6898842,182.480524204,4,0.17674411911531074,0.05302322907995105,-1.1925000000000074,1.20669225424875,0.1796221114373326,0.05388662661327524,1.1925000000000077,1.207155384134529,0.004875359816272388,0.0014626077593294555,0.0,0.0,0.0,0,0.0,0.0
1762438924.7897892,182.58038917,4,0.17688353000143842,0.05306505320627064,-1.194166666666674,1.2083615811649049,0.17975673863384542,0.05392701565399443,1.1941666666666741,1.2088236578920095,0.004878952325694366,0.0014636855361550715,0.0,0.0,0.0,0,0.0,0.0
1762438924.8898065,182.680437431,4,0.1767203175581038,0.05301609023507048,-1.1958333333333409,1.209982701352701,0.17958840581455054,0.05387651658900334,1.195833333333341,1.2104429088783604,0.004874368360315608,0.0014623103677934399,0.0,0.0,0.0,0,0.0,0.0
1762438924.9902096,182.780868019,4,0.17690791141930262,0.05307236904178225,-1.1975000000000076,1.2116597441024708,0.17960561940516737,0.05388168133690472,1.1975000000000073,1.2120922671585788,0.004693733754753333,0.0014081200089198298,0.0,0.0,0.0,0,0.0,0.0
1762438925.0898552,182.880481337,4,0.17675829788074005,0.05302748555561099,-1.199166666666674,1.2132831922261633,0.179625287687415,0.053887582404614394,1.199166666666674,1.2137420689580891,0.004875348598992304,0.0014626044735178976,0.0,0.0,0.0,0,0.0,0.0
1762438925.1899395,182.980583061,4,0.17695267986750984,0.05308580064193258,-1.2008333333333407,1.2149613358401785,0.17964953584319995,0.053894857358520606,1.200833333333341,1.2153926549978962,0.004694865603885567,0.0014084595922255235,0.0,0.0,0.0,0,0.0,0.0
1762438925.289882,183.080512927,4,0.17713976480921545,0.053141926551638186,-1.2025000000000072,1.2166383236748304,0.1798425872636908,0.05395277322154305,1.2025000000000072,1.2170704613669707,0.004699915569008718,0.0014099745932088902,0.0,0.0,0.0,0,0.0,0.0
1762438925.3897629,183.180389579,4,0.17723609256638806,0.05317082525307271,-1.2041666666666742,1.2183009194273078,0.1799524946137248,0.05398574580906865,1.2041666666666742,1.2187348859285982,0.0047029132489700455,0.0014108739072163016,0.0,0.0,0.0,0,0.0,0.0
1762438925.4899125,183.28056457,4,0.1769805533848272,0.05309416383123011,-1.2058333333333409,1.2199078384399098,0.1798661957005413,0.05395985647219078,1.2058333333333406,1.2203677897437641,0.004882009293626413,0.0014646027271794759,0.0,0.0,0.0,0,0.0,0.0
1762438925.5900838,183.380743244,4,0.17707367560643128,0.0531221007810041,-1.2075000000000073,1.2215700119862867,0.17978424504898102,0.05393527156983982,1.2075000000000071,1.2220014886599615,0.0046984924006313634,0.0014095476692279946,0.0,0.0,0.0,0,0.0,0.0
1762438925.6899292,183.480573117,4,0.17684607774583938,0.053053821673982426,-1.209166666666674,1.223181618152471,0.1797258057056675,0.0539177400213465,1.2091666666666738,1.2236390463299855,0.004878180756488376,0.0014634541809419351,0.0,0.0,0.0,0,0.0,0.0
1762438925.7898424,183.580474077,4,0.17695023652099273,0.053085069520678374,-1.2108333333333405,1.2248456114637383,0.179831927564391,0.0539495767983313,1.2108333333333403,1.2253029993105262,0.004881053491753852,0.0014643160074915534,0.0,0.0,0.0,0,0.0,0.0
1762438925.889963,183.680584864,4,0.1767310865109355,0.053019324707451077,-1.2125000000000077,1.2264587949587986,0.17961003930343797,0.05388301051454594,1.212500000000008,1.2269145834330573,0.004875040419491562,0.001462512091106691,0.0,0.0,0.0,0,0.0,0.0
1762438925.9896936,183.78032791,4,0.17685490907630896,0.05305647163863103,-1.2141666666666742,1.2281259473244561,0.17973637618706148,0.05392091174515353,1.2141666666666742,1.22858183451195,0.004878458453527042,0.0014635375058220986,0.0,0.0,0.0,0,0.0,0.0
1762438926.0897784,183.880418329,4,0.17694214592809399,0.05308264283511299,-1.2158333333333409,1.229787373662806,0.1798270700357377,0.05394812004413595,1.2158333333333406,1.2302434186852604,0.004880951587319556,0.001464285449888825,0.0,0.0,0.0,0,0.0,0.0
1762438926.1898754,183.980509787,4,0.17670332012956003,0.053010995220450496,-1.2175000000000074,1.2313977744657048,0.17958463011390882,0.05387538819558861,1.2175000000000074,1.231852039340112,0.004874380455546216,0.0014623141138407117,0.0,0.0,0.0,0,0.0,0.0
1762438926.289877,184.080528892,4,0.17685340630776736,0.05305602117991537,-1.2191666666666738,1.2330691099112137,0.17955689852530288,0.05386706882873093,1.2191666666666738,1.2334949136592956,0.004692506721278499,0.0014077519972853065,0.0,0.0,0.0,0,0.0,0.0
1762438926.3897178,184.1803322,4,0.17668778808766383,0.05300633580774772,-1.220833333333341,1.2346911653822066,0.179556219815853,0.05386686531105285,1.2208333333333408,1.2351421387965007,0.004873488853837676,0.001462046638905088,0.0,0.0,0.0,0,0.0,0.0
1762438926.4896822,184.280311007,4,0.17686442580561934,0.05305932720301865,-1.2225000000000075,1.236366679961413,0.1797332146072821,0.05391996383032675,1.2225000000000075,1.2368175455306856,0.0048782729751362785,0.0014634818775221242,0.0,0.0,0.0,0,0.0,0.0
1762438926.5901163,184.380740703,4,0.1770109945003755,0.05310329788112966,-1.2241666666666742,1.2380375116278424,0.17971519205882416,0.05391455713784817,1.224166666666674,1.238462093689551,0.00469664153790826,0.0014089924488003894,0.0,0.0,0.0,0,0.0,0.0
1762438926.6900833,184.480723753,4,0.17680871463961267,0.0530426139847755,-1.2258333333333407,1.2396540652867554,0.1796840840778143,0.05390522480623822,1.2258333333333407,1.2401046344738105,0.004877009846645436,0.0014631029426418652,0.0,0.0,0.0,0,0.0,0.0
1762438926.7902403,184.58088204,4,0.17658903254710623,0.052976709410818223,-1.2275000000000071,1.2412680887527636,0.17946844595445907,0.05384053342433099,1.2275000000000071,1.2417181548695913,0.004871227068367042,0.0014613681106577499,0.0,0.0,0.0,0,0.0,0.0
1762438926.8897536,184.68042407,4,0.1767487286006535,0.05302461827262395,-1.2291666666666743,1.2429410354676396,0.17944335364429603,0.053833005778631135,1.2291666666666745,1.243361815451455,0.004689501897097654,0.0014068505608844236,0.0,0.0,0.0,0,0.0,0.0
1762438926.9900827,184.780720396,4,0.17663814578311765,0.052991443467790944,-1.2308333333333408,1.244572144180867,0.17949955030239104,0.053849864817042827,1.2308333333333408,1.2450183094814458,0.0048718972739143634,0.0014615691747263862,0.0,0.0,0.0,0,0.0,0.0
1762438927.0900507,184.880697807,4,0.1768315110594667,0.05304945308518061,-1.2325000000000075,1.2462503270917242,0.179527638062343,0.05385829118069239,1.2325000000000075,1.2466704209040842,0.004691695507821945,0.001407508646110168,0.0,0.0,0.0,0,0.0,0.0
1762438927.1898055,184.980477812,4,0.16038752569320014,0.04811625750531601,-1.2325000000000075,1.2438229707777242,0.17140636031004847,0.05142190787031332,1.232500000000008,1.245423864780092,0.02935302929654375,0.00880590875110516,0.0019180285344346105,0.000575408557879159,0.1,0,0.0,0.0
1762438927.2899892,185.080620537,4,0.16065797753262778,0.04819739308382065,-1.234166666666674,1.2455124790848464,0.1634227202709093,0.0490268159009929,1.2341666666666737,1.2459044808047133,0.02085592663084521,0.006256777966121561,0.001919419910359422,0.0005758259709792447,0.1,0,0.0,0.0
1762438927.3896592,185.180278001,4,0.1613274286948121,0.04839822845564612,-1.2358333333333404,1.247258175176543,0.16403242230631768,0.0492097265353593,1.2358333333333407,1.2476426814321313,0.020927077083693717,0.006278123105022783,0.0019259845574328876,0.0005777953653816358,0.1,0,0.0,0.0
1762438927.48998,185.280627688,4,0.1625926081075999,0.048777782299160855,-1.2375000000000076,1.249088418910877,0.16526101755418082,0.04957830512988691,1.2375000000000074,1.2494700725758154,0.021047164705588733,0.006314149394218862,0.0019200442713975087,0.0005760132798270402,0.1,0,0.0,0.0
1762438927.5899775,185.380634934,4,0.1639431160359841,0.049182934694851355,-1.2391666666666743,1.250931786365101,0.16644697039135858,0.04993409099879346,1.2391666666666743,1.2512921462129194,0.021012682921213794,0.006303804861314947,0.0019154720805522904,0.0005746416227941645,0.1,0,0.0,0.0
1762438927.6897244,185.480329628,4,0.16500781877315251,0.0495023455312662,-1.2408333333333408,1.25273517695501,0.16767142639444493,0.050301427815186296,1.2408333333333406,1.2531206254708775,0.021319370444809374,0.006395811120266347,0.0019276544860987951,0.0005782963446386608,0.1,0,0.0,0.0
1762438927.7896628,185.580260182,4,0.16632874049090063,0.04989862205962048,-1.2425000000000073,1.254576172417106,0.16884384139728678,0.05065315232951407,1.242500000000007,1.2549423232239505,0.0212821717027207,0.006384651499464264,0.0019227027198993295,0.0005768108149445759,0.1,0,0.0,0.0
1762438927.8903892,185.681017689,4,0.16757911821124694,0.050273735387079466,-1.244166666666674,1.2564079368480174,0.17010835590657317,0.05103250669391434,1.244166666666674,1.2567783670692159,0.02141012958507818,0.006423038865663707,0.001916796652292337,0.0005750389948053732,0.1,0,0.0,0.0
1762438927.9895437,185.780173149,4,0.16843790051321683,0.05053137008774389,-1.245833333333341,1.2581833889130425,0.1711379059822035,0.05134137172681248,1.245833333333341,1.2585804756785428,0.0216963145834303,0.0065088943663999385,0.0019266032793996452,0.0005779809830540653,0.1,0,0.0,0.0
1762438928.0897813,185.880391182,4,0.1695401559609211,0.05086204673062822,-1.2475000000000076,1.259994865974025,0.1722534599218074,0.05167603791747908,1.2475000000000074,1.2603959367396822,0.021806062322397582,0.006541818689224288,0.0019186639704235565,0.0005755991904680462,0.1,0,0.0,0.0
1762438928.1901574,185.980796799,4,0.17021644457376617,0.05106493332210027,-1.249166666666674,1.2617442793726683,0.17294626001308322,0.051883877952665955,1.2491666666666739,1.2621488449287783,0.021893982691694024,0.006568194801003457,0.0019263933546412079,0.0005779180058204129,0.1,0,0.0,0.0
1762438928.2901459,186.080617338,4,0.1714678371029965,0.051440351087223224,-1.2508333333333406,1.2635787892563535,0.17388515817575242,0.05216554740810607,1.2508333333333403,1.2639388119477892,0.021630442781101412,0.006489132828771049,0.0018990972158395686,0.0005697291642640954,0.1,0,0.0,0.0
1762438928.389857,186.180487876,4,0.17198566083717015,0.05159569821324883,-1.2525000000000073,1.2653052728917749,0.17457995882727537,0.05237398760940422,1.252500000000007,1.2656924771058178,0.021876950137979655,0.006563085036528537,0.0019049236264644305,0.0005714770875160148,0.1,0,0.0,0.0
1762438928.4897969,186.280426755,4,0.17242409860741414,0.05172722954932718,-1.2541666666666742,1.2670200487108423,0.1751918907585388,0.05255756719385719,1.2541666666666744,1.26743383426303,0.02211415221567084,0.00663424566044317,0.0019098254577195216,0.0005729476369484566,0.1,0,0.0,0.0
1762438928.5897996,186.380393942,4,0.17280302603874986,0.05184090778307082,-1.255833333333341,1.2687260250499521,0.17558573020762241,0.0526757190330316,1.2558333333333411,1.2691424038063346,0.022163985215756594,0.006649195561031009,0.0019141193562242764,0.0005742358065483836,0.1,0,0.0,0.0
1762438928.6902359,186.480869375,4,0.17344910495824806,0.05203473146261528,-1.2575000000000074,1.270471745175477,0.17607454728477936,0.05282236416000145,1.2575000000000074,1.2708653344697898,0.022032035591432637,0.006609610674246026,0.0019003590267319733,0.0005701077077452274,0.1,0,0.0,0.0
1762438928.7895565,186.580201316,4,0.17401818774182853,0.05220545630090534,-1.2591666666666739,1.2722061286509347,0.17682907201767029,0.05304872158312514,1.2591666666666739,1.2726285326114204,0.022255856903200963,0.006676757068171091,0.0018857924706291913,0.0005657377409527038,0.1,0,0.0,0.0
1762438928.889935,186.680579939,4,0.17449003974032795,0.052347011903264296,-1.2608333333333406,1.27392608814964,0.17714299918476087,0.05314289973615867,1.2608333333333408,1.2743251172275474,0.02210037265093588,0.006630111792879279,0.0018699450101404926,0.0005609835028391966,0.1,0,0.0,0.0
1762438928.9897275,186.780322668,4,0.17492356396595365,0.052477069173396895,-1.2625000000000077,1.2756403670390806,0.17758615381040113,0.05327584612635211,1.262500000000008,1.2760413033306055,0.022089930052806336,0.006626979013761464,0.0018326973885474229,0.0005498092163918807,0.1,0,0.0,0.0
1762438929.0906398,186.881253041,4,0.17527406101291376,0.05258221828961984,-1.2641666666666742,1.277342259245871,0.1779469221279923,0.05338407662381211,1.264166666666674,1.2777450167552729,0.022134599792736086,0.006640379936011265,0.0018363926628744685,0.0005509177987124375,0.1,0,0.0,0.0
1762438929.190135,186.980766438,4,0.17527059366044284,0.052581178085769675,-1.2658333333333407,1.2789912388553597,0.17794290906406396,0.053382872706568836,1.2658333333333407,1.2793933866338312,0.022134080398503383,0.006640224117981511,0.001836349044764386,0.0005509047132992974,0.1,0,0.0,0.0
1762438929.2902925,187.080921822,4,0.17561237751051362,0.052683713242396735,-1.2675000000000074,1.2806918172518793,0.17828504243235963,0.05348551271870131,1.2675000000000074,1.2810942613351717,0.022143849932254767,0.0066431549783139135,0.0018189129170726136,0.0005456738750100523,0.1,0,0.0,0.0
1762438929.389657,187.180246538,4,0.17560134561365626,0.052680403674763454,-1.2691666666666739,1.2823396918486376,0.17844237465229315,0.053532712386125,1.269166666666674,1.2827671106419751,0.02232676319999271,0.0066980289588056685,0.001818797863136672,0.0005456393588440645,0.1,0,0.0,0.0
1762438929.4898815,187.28056495,4,0.17590163173208673,0.052770489511503094,-1.270833333333341,1.2840340609658394,0.17858435631910938,0.053575306887421875,1.2708333333333413,1.2844376384009943,0.022147580102147284,0.00664427402961764,0.0018009247000398603,0.0005402774099286374,0.1,0,0.0,0.0
1762438929.5898914,187.380544699,4,0.17586173831048146,0.0527585214860955,-1.2725000000000075,1.285677666676606,0.17853900526256966,0.05356170157155912,1.2725000000000077,1.2860798117828491,0.022142259385519406,0.0066426778147650415,0.0018005023154569165,0.0005401506945647733,0.1,0,0.0,0.0
1762438929.6901946,187.480706536,4,0.17586778132180925,0.0527603343904226,-1.274166666666674,1.2873281725482855,0.17853765804019955,0.0535612974057992,1.274166666666674,1.2877286990522245,0.022142603414035126,0.00664278102343716,0.0018005485939899513,0.0005401645781342105,0.1,0,0.0,0.0
1762438929.7897508,187.580343953,4,0.17618208887037934,0.05285462665578189,-1.2758333333333407,1.2890246058326875,0.17903020694576646,0.053709062078267825,1.2758333333333405,1.2894522762757967,0.022334250010477678,0.006700275002465308,0.0017827834775788708,0.0005348350432196589,0.1,0,0.0,0.0
1762438929.8899074,187.680542389,4,0.17610245200854635,0.052830735597934275,-1.2775000000000072,1.2906623920403273,0.17896063772592524,0.053688191313034456,1.277500000000007,1.2910908495306412,0.022324681950568394,0.006697404584581794,0.0017819897808787105,0.0005345969342167216,0.1,0,0.0,0.0
1762438929.9901562,187.780797791,4,0.17634061058175554,0.052902183170495665,-1.2791666666666743,1.2923474815372535,0.17903054405103044,0.05370916321118449,1.2791666666666743,1.2927505447793028,0.02213642233232838,0.006640926699191363,0.0017634061058175556,0.0005290218317049567,0.1,0,0.0,0.0
1762438930.0901506,187.88080432,4,0.17659448810264688,0.052978346427283274,-1.2808333333333408,1.2940349091876162,0.179277357036468,0.053783207107348976,1.2808333333333408,1.2944369555488324,0.004685067691613528,0.0014055203073899572,0.0,0.0,0.0,0,0.0,0.0
1762438930.19045,187.981059153,4,0.17652212810930568,0.05295663842974152,-1.2825000000000073,1.2956738467940283,0.17920788849799768,0.05376236654627954,1.2825000000000073,1.2960756572656498,0.004683282295042242,0.0014049846884309335,0.0,0.0,0.0,0,0.0,0.0
1762438930.2920947,188.082337368,4,0.17644301459017608,0.05293290437440046,-1.284166666666674,1.297311858244183,0.17913051956176904,0.05373915586581766,1.284166666666674,1.2977132455552098,0.004681279061264157,0.0014043837183081585,0.0,0.0,0.0,0,0.0,0.0
1762438930.3897188,188.180307558,4,0.176340748956739,0.05290222468471928,-1.2858333333333405,1.2989465216976201,0.17919940024938655,0.0537598200724571,1.2858333333333405,1.2993728889026015,0.004863772486752044,0.0014591317459614187,0.0,0.0,0.0,0,0.0,0.0
1762438930.490412,188.281038479,4,0.17626318873889257,0.05287895661966724,-1.2875000000000076,1.3005849244696044,0.17911676797191142,0.05373503038952445,1.2875000000000076,1.3010098078260928,0.00486149680365409,0.0014584490410404643,0.0,0.0,0.0,0,0.0,0.0
1762438930.590189,188.380821959,4,0.1768184268545827,0.0530455280546267,-1.2891666666666741,1.3023168886896872,0.17951589115814975,0.05385476734565633,1.2891666666666741,1.3027190739329118,0.0046913842561709974,0.0014074152768044307,0.0,0.0,0.0,0,0.0,0.0
1762438930.6896925,188.480303318,4,0.1766412435351814,0.05299237305903626,-1.2908333333333408,1.3039405718684218,0.17951527541650888,0.05385458262339725,1.290833333333341,1.3043683316540116,0.004872439494165978,0.0014617318482074643,0.0,0.0,0.0,0,0.0,0.0
1762438930.7899723,188.580618001,4,0.1767904473293651,0.0530371341974889,-1.2925000000000073,1.3056125190387913,0.17949314108167921,0.05384794232315296,1.2925000000000073,1.3060144097933313,0.0046908577258079395,0.001407257317706989,0.0,0.0,0.0,0,0.0,0.0
1762438930.8895597,188.680201673,4,0.17663030894923448,0.052989092683623173,-1.294166666666674,1.3072388730044964,0.17949790198673893,0.053849370594846784,1.2941666666666738,1.3076645642680051,0.0048719197538087365,0.001461575926110651,0.0,0.0,0.0,0,0.0,0.0
1762438930.9898643,188.780503507,4,0.17681609399677978,0.053044828198036686,-1.295833333333341,1.3089162359267437,0.17951457518317948,0.053854372553932876,1.295833333333341,1.309316540766278,0.0046913714003972845,0.0014074114200924271,0.0,0.0,0.0,0,0.0,0.0
1762438931.0899935,188.880623927,4,0.17666108996657304,0.05299832698910567,-1.2975000000000074,1.3105434801531162,0.17952492947217694,0.053857478840766616,1.2975000000000072,1.3109676114721875,0.0048726286075073495,0.0014617885822280846,0.0,0.0,0.0,0,0.0,0.0
1762438931.190147,188.980789767,4,0.17684193528455605,0.05305258058461204,-1.2991666666666741,1.312220131746069,0.17954351698543852,0.05386305509485961,1.299166666666674,1.3126199491754835,0.004692147015937392,0.0014076441047609853,0.0,0.0,0.0,0,0.0,0.0
1762438931.2900248,189.08066291,4,0.17666760854431907,0.053000282562638557,-1.3008333333333406,1.3138446768821719,0.17953797299598534,0.05386139189812286,1.3008333333333408,1.3142687299010964,0.00487302300178356,0.0014619069005167612,0.0,0.0,0.0,0,0.0,0.0
1762438931.389735,189.180339098,4,0.17683322895343956,0.05304996868545997,-1.3025000000000073,1.3155191142813725,0.17953360269383772,0.05386008080756611,1.3025000000000073,1.3159177302555223,0.0046918841794331145,0.0014075652538146004,0.0,0.0,0.0,0,0.0,0.0
1762438931.4898417,189.280482765,4,0.17696442130559387,0.0530893263911798,-1.3041666666666742,1.317188512487547,0.17967352268478076,0.05390205680492476,1.3041666666666745,1.3175882137171022,0.004695597828634682,0.0014086793485770597,0.0,0.0,0.0,0,0.0,0.0
1762438931.589819,189.380450271,4,0.17707237970241962,0.0531217139102913,-1.3058333333333407,1.3188545175972628,0.17978496827198404,0.05393549048115069,1.3058333333333407,1.3192544737064433,0.004698526921304848,0.0014095580763798096,0.0,0.0,0.0,0,0.0,0.0
1762438931.6900766,189.480711806,4,0.17714895336282144,0.05314468600846656,-1.3075000000000074,1.3205159443673904,0.18004100860483901,0.05401230258106271,1.3075000000000074,1.3209422181191635,0.004886780093150398,0.0014660340279345342,0.0,0.0,0.0,0,0.0,0.0
1762438931.7898102,189.580464061,4,0.17685919087723878,0.05305775726284345,-1.309166666666674,1.3221239201053148,0.17974441412889086,0.053923324238330815,1.3091666666666737,1.3225479728231335,0.0048787386000473144,0.0014636215800050358,0.0,0.0,0.0,0,0.0,0.0
1762438931.890014,189.680649787,4,0.17698167938559628,0.05309450381539493,-1.3108333333333406,1.3237921169697853,0.17968938486678107,0.05390681545974391,1.3108333333333408,1.3241896569466969,0.004695992048160948,0.0014087976144406748,0.0,0.0,0.0,0,0.0,0.0
1762438931.9897652,189.780366075,4,0.1767560966402142,0.053026828991818764,-1.3125000000000075,1.3254096771536081,0.1796368945422911,0.05389106836243538,1.3125000000000078,1.3258317808568565,0.004875782802622339,0.0014627348407798412,0.0,0.0,0.0,0,0.0,0.0
1762438932.0897446,189.880338449,4,0.1768509058821781,0.05305527176443858,-1.3141666666666743,1.3270738986775164,0.17973512207227377,0.0539205366214627,1.3141666666666743,1.3274962019356888,0.0048784635833446464,0.0014635390749974243,0.0,0.0,0.0,0,0.0,0.0
1762438932.189972,189.980608595,4,0.17664055862417616,0.052992167587067485,-1.3158333333333407,1.3286938766652638,0.17951195526249936,0.053853586578559626,1.3158333333333407,1.3291132803416985,0.004872341922270741,0.001461702576676043,0.0,0.0,0.0,0,0.0,0.0
1762438932.2903209,190.080965672,4,0.17680420495632454,0.053041261486734825,-1.3175000000000074,1.330368126613969,0.17950377335978746,0.053851132007770114,1.3175000000000077,1.3307621121255822,0.004691110817735587,0.0014073332453163265,0.0,0.0,0.0,0,0.0,0.0
1762438932.390151,190.180826292,4,0.17667800137249046,0.053003400411606005,-1.319166666666674,1.3320004395902558,0.1795386951994137,0.05386160855967971,1.3191666666666741,1.3324173184085415,0.0048729546145574705,0.0014618863843633085,0.0,0.0,0.0,0,0.0,0.0
1762438932.4905913,190.281231213,4,0.1768857185259325,0.05306571555765682,-1.3208333333333409,1.333681079580327,0.17958114377385717,0.05387434313203131,1.3208333333333409,1.3340736585704325,0.004693076391018641,0.0014079229173022967,0.0,0.0,0.0,0,0.0,0.0
1762438932.5897126,190.380322279,4,0.17674132212689386,0.05302239663796193,-1.3225000000000076,1.3353108699821237,0.17961000747412226,0.05388300224212743,1.3225000000000073,1.3357280347119689,0.004874950210088507,0.0014624850630235754,0.0,0.0,0.0,0,0.0,0.0
1762438932.6901407,190.48075381,4,0.17692534587494624,0.0530776037623899,-1.324166666666674,1.3369880968599748,0.1796247571283854,0.05388742713841981,1.3241666666666738,1.3373803756927796,0.004694247683681617,0.0014082743051019753,0.0,0.0,0.0,0,0.0,0.0
1762438932.7901092,190.58074943,4,0.17675870173261732,0.053027610519703394,-1.3258333333333407,1.338614804151451,0.17962788018838818,0.053888364056432485,1.3258333333333405,1.3390310522536246,0.0048754448589197,0.001462633457673626,0.0,0.0,0.0,0,0.0,0.0
1762438932.8898306,190.68047351,4,0.17692823556226056,0.05307847066860916,-1.3275000000000072,1.340289959146047,0.17962870893250873,0.05388861267968147,1.327500000000007,1.3406814333201305,0.004694359319330126,0.0014083077957971705,0.0,0.0,0.0,0,0.0,0.0
1762438932.9897215,190.780331533,4,0.17677785462628837,0.05303335638782691,-1.3291666666666742,1.3419191386047928,0.17964277270486131,0.05389283181139698,1.3291666666666744,1.3423337851978325,0.004875796846498681,0.001462739053947933,0.0,0.0,0.0,0,0.0,0.0
1762438933.089982,190.880601435,4,0.17696276567794111,0.05308882970332984,-1.3308333333333409,1.3435965188205818,0.1796623942951621,0.0538987182884952,1.3308333333333406,1.343986982402785,0.004695223338839886,0.001408567001650566,0.0,0.0,0.0,0,0.0,0.0
1762438933.1898363,190.98046344,4,0.1767967357286384,0.053039020718544716,-1.3325000000000073,1.3452235775078818,0.17966889229698538,0.05390066768904726,1.3325000000000071,1.345638303124792,0.004876574786339311,0.001462972435900472,0.0,0.0,0.0,0,0.0,0.0
1762438933.2898757,191.080502391,4,0.1769551893409096,0.0530865568022314,-1.334166666666674,1.3468971809281722,0.17982767792237006,0.05394830337666846,1.334166666666674,1.3473118078710054,0.004880858893723946,0.0014642576681160226,0.0,0.0,0.0,0,0.0,0.0
1762438933.3904116,191.18090123,4,0.17708450725241498,0.0531253521756887,-1.3358333333333405,1.348566616892575,0.17979434259798877,0.05393830277935973,1.3358333333333403,1.3489573902023089,0.004698745049305108,0.001409623514790564,0.0,0.0,0.0,0,0.0,0.0
1762438933.490676,191.280986747,4,0.17719209204408148,0.05315762761319398,-1.3375000000000077,1.3502329505890611,0.1799066990157169,0.05397200970468383,1.337500000000008,1.350624169849746,0.004701699317012901,0.0014105097951030504,0.0,0.0,0.0,0,0.0,0.0
1762438933.5900478,191.380673019,4,0.1772830129687364,0.05318490389059427,-1.3391666666666742,1.3518969124161264,0.17999459041757676,0.05399837712524646,1.339166666666674,1.3522874096962088,0.004703966604590349,0.0014111899813764102,0.0,0.0,0.0,0,0.0,0.0
1762438933.690283,191.480941941,4,0.17702153930807096,0.053106461792396864,-1.3408333333333409,1.3535106018945342,0.17990802992759972,0.053972408978255296,1.340833333333341,1.3539253849238313,0.004883171304822012,0.001464951391445935,0.0,0.0,0.0,0,0.0,0.0
1762438933.7898662,191.580368387,4,0.17679620124066542,0.05303886037217964,-1.3425000000000074,1.355129612798248,0.1796723840016133,0.05390171520046329,1.3425000000000074,1.3555418881297598,0.004876706462664824,0.0014630119387988823,0.0,0.0,0.0,0,0.0,0.0
1762438933.8897715,191.680381346,4,0.17662473754965102,0.05298742126487799,-1.3441666666666738,1.3567564234248466,0.17949277724832993,0.05384783317448098,1.3441666666666738,1.3571666345735527,0.004871788521395193,0.0014615365564180644,0.0,0.0,0.0,0,0.0,0.0
1762438933.989562,191.78020571,4,0.17648914311759611,0.052946742935265245,-1.345833333333341,1.3583884335259073,0.17935354409794638,0.053806063229369955,1.345833333333341,1.3587973165015703,0.004867987101124976,0.0014603961303371093,0.0,0.0,0.0,0,0.0,0.0
1762438934.0898094,191.880434216,4,0.17669577896412836,0.053008733689228205,-1.3475000000000075,1.3600689593366566,0.17955909160794717,0.05386772748237309,1.3475000000000077,1.360477654885668,0.004873525096143757,0.0014620575288428245,0.0,0.0,0.0,0,0.0,0.0
1762438934.189589,191.980222688,4,0.17659351625068265,0.05297805487519591,-1.3491666666666742,1.3617057827315724,0.17945204498718423,0.053835613496145907,1.3491666666666742,1.3621130658557878,0.004870596448224762,0.0014611789344671736,0.0,0.0,0.0,0,0.0,0.0
1762438934.290009,192.080539905,4,0.17682664901765222,0.053047994705288204,-1.3508333333333407,1.3633900571698212,0.17951934446356801,0.05385580333906259,1.3508333333333407,1.3637735651618963,0.004691428471078526,0.001407428541323353,0.0,0.0,0.0,0,0.0,0.0
1762438934.3896604,192.180245535,4,0.1766802640879339,0.05300407922637218,-1.3525000000000071,1.3650207317593521,0.17954878919897443,0.05386463675968452,1.352500000000007,1.3654286567946672,0.004873293755722939,0.0014619881267166738,0.0,0.0,0.0,0,0.0,0.0
1762438934.4898636,192.280502771,4,0.17686120951580264,0.05305836285473253,-1.3541666666666743,1.3666976397182182,0.17972692932213635,0.05391807879663243,1.3541666666666743,1.3671050762307249,0.004878089335380594,0.0014634268006139468,0.0,0.0,0.0,0,0.0,0.0
1762438934.5899801,192.380594454,4,0.17737590265721437,0.053212770797155695,-1.3558333333333408,1.3684216592838518,0.17991057306324518,0.0539731719189646,1.355833333333341,1.3687822855972158,0.004520301737880372,0.0013560905213638892,0.0,0.0,0.0,0,0.0,0.0
1762438934.6906972,192.481292981,4,0.1771015511030365,0.05313046533090038,-1.3575000000000075,1.3700343264858001,0.17999504192615087,0.053998512577835216,1.3575000000000077,1.3704452942305416,0.0048855549562504255,0.0014656664868748608,0.0,0.0,0.0,0,0.0,0.0
1762438934.7897937,192.580378677,4,0.17711129733533326,0.05313338920059252,-1.359166666666674,1.3716871350528677,0.1798386927885109,0.05395160783654566,1.359166666666674,1.3720738898433373,0.004700054781477795,0.0014100164344431404,0.0,0.0,0.0,0,0.0,0.0
1762438934.890426,192.680998393,4,0.17713883917003237,0.05314165175100527,-1.3608333333333404,1.3733424789922077,0.17986025990564433,0.05395807797168843,1.3608333333333402,1.373727974667057,0.004700566928939675,0.001410170078681769,0.0,0.0,0.0,0,0.0,0.0
1762438934.9899569,192.780594019,4,0.17687830971746887,0.053063492915238264,-1.3625000000000076,1.3749574250604617,0.1797628010745977,0.05392884032237662,1.3625000000000076,1.3753651276910879,0.004879224695830009,0.0014637674087489253,0.0,0.0,0.0,0,0.0,0.0
1762438935.0898921,192.880534515,4,0.17700177932053673,0.05310053379615942,-1.3641666666666743,1.3766263076872163,0.17970795658072175,0.05391238697421494,1.3641666666666743,1.377008420298199,0.0046964687472348604,0.0014089406241704191,0.0,0.0,0.0,0,0.0,0.0
1762438935.1897767,192.980378726,4,0.17680375437888518,0.05304112631366387,-1.3658333333333408,1.3782502033693143,0.17967829305302271,0.05390348791590545,1.3658333333333408,1.378655348318938,0.004876850678468892,0.0014630552035406314,0.0,0.0,0.0,0,0.0,0.0
1762438935.290181,193.080820477,4,0.1766216589886591,0.05298649769659658,-1.3675000000000073,1.3798764543835356,0.17949466669060254,0.05384840000717903,1.3675000000000073,1.3802804916225264,0.004871870463615093,0.0014615611390844793,0.0,0.0,0.0,0,0.0,0.0
1762438935.390372,193.180992235,4,0.17680799351019605,0.053042398053055884,-1.369166666666674,1.381554169647883,0.17967335078878888,0.053902005236633625,1.3691666666666742,1.3819570544207704,0.0048766314073950675,0.0014629894222184382,0.0,0.0,0.0,0,0.0,0.0
1762438935.4899287,193.280548761,4,0.17666810580435754,0.053000431741305754,-1.370833333333341,1.3831864274750034,0.17953488788749092,0.053860466366245204,1.3708333333333411,1.3835887227004138,0.004872907736463808,0.0014618723209390812,0.0,0.0,0.0,0,0.0,0.0
1762438935.5894465,193.380071325,4,0.17684356041865623,0.053053068125597846,-1.3725000000000076,1.384862636834104,0.17971598068397523,0.05391479420519295,1.3725000000000078,1.3852656383334614,0.004877830540213732,0.0014633491620641226,0.0,0.0,0.0,0,0.0,0.0
1762438935.6896925,193.480292507,4,0.17697380638937066,0.05309214191681377,-1.374166666666674,1.386532556941616,0.17985016833373255,0.05395505050012191,1.3741666666666743,1.386935924367792,0.004881499532759248,0.001464449859827831,0.0,0.0,0.0,0,0.0,0.0
1762438935.789479,193.58013481,4,0.16043029764089578,0.048129089292268556,-1.374166666666674,1.384336778899935,0.17168917488128083,0.051506752464385665,1.374166666666675,1.385808120231168,0.029588434946707477,0.008876530484012343,0.001938843780255964,0.0005816531340767885,0.1,0,0.0,0.0
1762438935.8897614,193.680344775,4,0.16092840229213312,0.048278520687638604,-1.3758333333333406,1.3860541574322471,0.16354730704686293,0.04906419211405759,1.3758333333333406,1.3863882492654132,0.004275561823559954,0.0012826685470679554,0.0004275561823559954,0.00012826685470679558,0.1,0,0.0,0.0
1762438935.9895914,193.780224291,4,0.16150501805881845,0.048451505417642426,-1.3775000000000073,1.3877815639485327,0.16422559537601533,0.04926767861280219,1.3775000000000073,1.3881295329804497,0.02095292082748259,0.006285876248244524,0.0019283600986117124,0.0005785080295834904,0.1,0,0.0,0.0
1762438936.09143,193.882018996,4,0.16239710629968496,0.04871913188990451,-1.3791666666666742,1.3895492320861043,0.1650705492759143,0.049521164782772804,1.379166666666674,1.3898925593167837,0.021054702562046727,0.0063164107686137895,0.0019377421656363537,0.000581322649690885,0.1,0,0.0,0.0
1762438936.189775,193.98036105,4,0.16373210761567503,0.04911963228470162,-1.380833333333341,1.3913740100291225,0.1663978156447307,0.04991934469341805,1.3808333333333411,1.391718674326972,0.02119008122253322,0.00635702436675982,0.0019330903070214917,0.0005799270921064342,0.1,0,0.0,0.0
1762438936.2898777,194.080555885,4,0.16508577014886683,0.04952573104465996,-1.3825000000000074,1.3932021962160313,0.1675936566982943,0.05027809700948816,1.3825000000000074,1.393528532468719,0.02115633314346007,0.006346899943037978,0.0019285723220971564,0.0005785716966291433,0.1,0,0.0,0.0
1762438936.3901322,194.18077315,4,0.16612779418636237,0.049838338255908,-1.3841666666666739,1.394990919351258,0.16863410037694396,0.05059023011308233,1.3841666666666739,1.3953186705208123,0.021286275990555277,0.006385882797166464,0.0019404235344749716,0.0005821270603424802,0.1,0,0.0,0.0
1762438936.4910915,194.2815496,4,0.1674611787558664,0.05023835362675744,-1.3858333333333406,1.3968182295285343,0.16981951364954587,0.05094585409486161,1.3858333333333406,1.3971285463562115,0.021248513180333287,0.00637455395409976,0.0019355058943633524,0.0005806517683089851,0.1,0,0.0,0.0
1762438936.5897992,194.38043073,4,0.16866211351622162,0.05059863405486453,-1.3875000000000077,1.3986291074848967,0.1712051916256496,0.05136155748769263,1.3875000000000077,1.3989658599219492,0.021547975828400092,0.006464392748519742,0.0019291408845381738,0.0005787422653614267,0.1,0,0.0,0.0
1762438936.6900678,194.480710573,4,0.1693872205016982,0.050816166150509545,-1.3891666666666742,1.4003779279142206,0.172112227059804,0.051633668117940915,1.3891666666666742,1.4007400480333951,0.021820280067588453,0.006546084020276516,0.001937604938707457,0.0005812814816122358,0.1,0,0.0,0.0
1762438936.790069,194.580697381,4,0.1703539359252657,0.05110618077758167,-1.3908333333333407,1.4021589304747275,0.1729253552575801,0.05187760657727552,1.3908333333333405,1.4025019877584053,0.0217330427024766,0.006519912810743135,0.0019279534415699154,0.000578386032470988,0.1,0,0.0,0.0
1762438936.890331,194.680969901,4,0.17095543861042373,0.051286631583128184,-1.3925000000000074,1.4038918514506902,0.17369851015194515,0.052109553045584726,1.3925000000000076,1.4042588180060103,0.021989265603597236,0.006596779681079313,0.0019347764890896187,0.0005804329467268975,0.1,0,0.0,0.0
1762438936.9899185,194.780555125,4,0.171819269154307,0.05154578074629379,-1.3941666666666739,1.405659817740384,0.17440958626128897,0.05232287587838813,1.394166666666674,1.4060074969801848,0.021887493237961967,0.0065662479713887705,0.0019237599846383226,0.0005771279953915124,0.1,0,0.0,0.0
1762438937.0894797,194.880118253,4,0.1722979897611463,0.0516893969283454,-1.395833333333341,1.40737666794466,0.1748985798442121,0.05246957395326507,1.3958333333333408,1.4077262744819479,0.021948976794717242,0.006584693038415337,0.0019291626449238514,0.0005787487934771694,0.1,0,0.0,0.0
1762438937.1900892,194.980733103,4,0.17303375744784777,0.0519101272343554,-1.3975000000000075,1.4091279546322357,0.17564553971850808,0.05269366191555386,1.3975000000000077,1.4094801267237145,0.022010506606761706,0.006603151982028668,0.0019165506500928282,0.000574965195027861,0.1,0,0.0,0.0
1762438937.2906325,195.081232668,4,0.17369580187201095,0.05210874056160408,-1.399166666666674,1.4108695593647236,0.17631910252368826,0.05289573075710721,1.3991666666666738,1.4112242009539868,0.0220626410391555,0.006618792311746719,0.0019030086783880774,0.0005709026035164291,0.1,0,0.0,0.0
1762438937.3895278,195.18016021,4,0.1739286736605523,0.05217860209816649,-1.4008333333333407,1.4125536513053358,0.17673627093424768,0.05302088128027503,1.400833333333341,1.4129334560032472,0.02227673318578412,0.006683019955735332,0.0019057148816818863,0.0005717144645045747,0.1,0,0.0,0.0
1762438937.4897528,195.280354399,4,0.17444316584412078,0.052332949753236324,-1.4025000000000072,1.414275576307395,0.17708867271994727,0.05312660181598411,1.402500000000007,1.4146339045230911,0.022126353913909748,0.0066379061741728956,0.0018903319276899538,0.0005670995783069836,0.1,0,0.0,0.0
1762438937.5895765,195.380202191,4,0.17488965615818053,0.05246689684745354,-1.4041666666666743,1.41598841622159,0.1777175125284943,0.05331525375854749,1.4041666666666741,1.4163721468316341,0.022334787199151506,0.006700436159745301,0.0018742508692379358,0.0005622752607713671,0.1,0,0.0,0.0
1762438937.6898148,195.480443336,4,0.1752835856873176,0.052585075706192974,-1.4058333333333408,1.417694214811347,0.1779493855088771,0.05338481565266081,1.405833333333341,1.4180561637172162,0.022168088477356955,0.0066504265432067835,0.0018574398752733315,0.0005572319625819733,0.1,0,0.0,0.0
1762438937.7900112,195.580629569,4,0.1753194690398132,0.0525958407119429,-1.4075000000000073,1.4193517846836345,0.1779893711037848,0.05339681133113427,1.407500000000007,1.4197139450207124,0.022172976863107284,0.006651893058932031,0.0018578447828254028,0.0005573534348476079,0.1,0,0.0,0.0
1762438937.8895485,195.680189226,4,0.1756068729783431,0.05268206189350222,-1.409166666666674,1.4210432322512387,0.17829223935692867,0.05348767180707796,1.4091666666666742,1.4214076642873132,0.022177221431140138,0.006653166429341963,0.0018399142355816985,0.0005519742706745031,0.1,0,0.0,0.0
1762438937.9898384,195.780477116,4,0.1758383492552591,0.05275150477657675,-1.4108333333333405,1.4227271490941165,0.17853044658491743,0.05355913397547473,1.4108333333333407,1.4230925464053552,0.022173466067214414,0.006652039820164278,0.0018213110334411415,0.0005463933100323387,0.1,0,0.0,0.0
1762438938.0895228,195.880140027,4,0.17568633417039514,0.05270590025111943,-1.4125000000000076,1.4243594525033119,0.1785516390942785,0.053565491728283836,1.4125000000000076,1.424747767054705,0.022339162447158185,0.006701748734147537,0.0018197566857638696,0.0005459270057291692,0.1,0,0.0,0.0
1762438938.1898246,195.980440914,4,0.17590393420963135,0.052771180262891626,-1.4141666666666741,1.4260414975195839,0.17859365104117528,0.05357809531235462,1.4141666666666741,1.426405855849116,0.022148299231906827,0.006644489769572294,0.0018009668681215033,0.000540290060436471,0.1,0,0.0,0.0
1762438938.289782,196.08039541,4,0.1758142461947756,0.052744273858432944,-1.4158333333333408,1.4276822599471108,0.1786691693426895,0.053600750802807,1.4158333333333406,1.4280685348883049,0.02232141141677451,0.006696423425032372,0.0018000435405084116,0.0005400130621525252,0.1,0,0.0,0.0
1762438938.3905141,196.18113137,4,0.17605011235057422,0.05281503370517315,-1.4175000000000073,1.4293667548407405,0.17874035524997295,0.053622106574992716,1.417500000000007,1.4297306371860563,0.022133352253775135,0.0066400056761326326,0.0017814615819736132,0.0005344384745920911,0.1,0,0.0,0.0
1762438938.4895837,196.280223212,4,0.17597798964243427,0.052793396892732325,-1.419166666666674,1.431009931262486,0.1786574507378272,0.053597235221349696,1.4191666666666742,1.4313717812313163,0.022123838549900257,0.006637151564970301,0.0017807195801808958,0.0005342158740542876,0.1,0,0.0,0.0
1762438938.58991,196.380394404,4,0.17595824650177505,0.052787473950532515,-1.420833333333341,1.4326601770933645,0.17880423626014505,0.05364127087804386,1.4208333333333405,1.4330442079563062,0.02230594302158146,0.006691782906474446,0.0017805203840194166,0.000534156115205825,0.1,0,0.0,0.0
1762438938.6904106,196.480385897,4,0.1759259864660736,0.052777795939823235,-1.4225000000000074,1.4343087876947376,0.1787710875626546,0.05363132626879776,1.4225000000000074,1.434692186814198,0.022301834556607336,0.00669055036698234,0.0017801920293388075,0.000534057608801653,0.1,0,0.0,0.0
1762438938.7899902,196.580627841,4,0.17653850382751646,0.05296155114825529,-1.4241666666666741,1.4360436844602442,0.17922593258702443,0.0537677797761073,1.4241666666666741,1.4364064896463697,0.0046837676908500474,0.0014051303072550123,0.0,0.0,0.0,0,0.0,0.0
1762438938.8895454,196.680170935,4,0.17639820639824055,0.05291946191947172,-1.4258333333333406,1.4376778119992073,0.17926853989274302,0.053780561967822826,1.4258333333333406,1.4380647595589415,0.004865744576269963,0.0014597233728809852,0.0,0.0,0.0,0,0.0,0.0
1762438938.9902766,196.780893573,4,0.1765780480692012,0.052973414420760534,-1.4275000000000073,1.4393547997958474,0.17927561833900316,0.053782685501700844,1.4275000000000075,1.4397182274982243,0.004685150766512801,0.0014055452299538394,0.0,0.0,0.0,0,0.0,0.0
1762438939.0897548,196.880363738,4,0.17643989197104748,0.052931967591312024,-1.4291666666666742,1.440989309392327,0.17930047470744226,0.053790142412230964,1.4291666666666742,1.4413741362887622,0.004866525861936073,0.0014599577585807783,0.0,0.0,0.0,0,0.0,0.0
1762438939.189666,196.980276485,4,0.17633756554951674,0.05290126966485387,-1.4308333333333407,1.442628680268725,0.17919530544426246,0.053758591633277404,1.4308333333333407,1.4430124640644846,0.004863659260935105,0.0014590977782804986,0.0,0.0,0.0,0,0.0,0.0
1762438939.2894332,197.080064317,4,0.17685697349706597,0.053057092049118015,-1.4325000000000074,1.444350959459394,0.17973274473448575,0.05391982342034402,1.4325000000000074,1.4447378505761848,0.004878300661272329,0.0014634901983816557,0.0,0.0,0.0,0,0.0,0.0
1762438939.3899267,197.180568069,4,0.1769382741186476,0.05308148223559206,-1.434166666666674,1.4460148078018469,0.17965475521103075,0.05389642656330708,1.4341666666666741,1.4463798545485995,0.0046951801036691325,0.0014085540311006843,0.0,0.0,0.0,0,0.0,0.0
1762438939.4897478,197.280311316,4,0.1767081139086475,0.0530124341725946,-1.4358333333333406,1.4476371910147885,0.1795862901800628,0.053875887054018246,1.4358333333333406,1.4480232069748147,0.004874390885814872,0.0014623172657444378,0.0,0.0,0.0,0,0.0,0.0
1762438939.590142,197.380755838,4,0.1768449626643953,0.05305348879931948,-1.4375000000000075,1.4493084776863663,0.1795481066233171,0.05386443198699612,1.4375000000000075,1.4496707038584042,0.004692287811094427,0.0014076863433283482,0.0,0.0,0.0,0,0.0,0.0
1762438939.689826,197.480451155,4,0.17663245308399222,0.052989735925197845,-1.4391666666666743,1.4509333651275502,0.17951135334335275,0.053853406003006414,1.4391666666666743,1.4513184384420095,0.004872378596581829,0.001461713578974569,0.0,0.0,0.0,0,0.0,0.0
1762438939.7900665,197.580692118,4,0.176783273073978,0.053034981922193136,-1.4408333333333407,1.4526065294465333,0.17948620154617778,0.053845860463852986,1.440833333333341,1.4529677792983002,0.00469067278954783,0.0014072018368643383,0.0,0.0,0.0,0,0.0,0.0
1762438939.8898733,197.680485132,4,0.17662570301352432,0.05298771090405907,-1.4425000000000074,1.4542388340543981,0.17949010954254677,0.05384703286276555,1.4425000000000077,1.454621068310143,0.004871680911259299,0.0014615042733778297,0.0,0.0,0.0,0,0.0,0.0
1762438939.9900026,197.78061944,4,0.17680354669236564,0.05304106400771191,-1.444166666666674,1.455915591545472,0.17950255493566017,0.053850766480701175,1.4441666666666741,1.4562755348456973,0.004691070975412687,0.0014073212926238906,0.0,0.0,0.0,0,0.0,0.0
1762438940.0896838,197.880269331,4,0.17661939315955522,0.05298581794786683,-1.4458333333333409,1.4575444880762487,0.1794930649796567,0.05384791949389747,1.445833333333341,1.4579270854838429,0.00487183959764467,0.0014615518792934173,0.0,0.0,0.0,0,0.0,0.0
1762438940.1904788,197.981097206,4,0.1767727145981901,0.05303181437945659,-1.4475000000000076,1.4592180152269272,0.17947553770425018,0.05384266131127466,1.4475000000000078,1.4595775932821566,0.004690389698756995,0.0014071169096270908,0.0,0.0,0.0,0,0.0,0.0
1762438940.2895768,198.080212716,4,0.17692177543878174,0.0530765326316347,-1.449166666666674,1.4608909818047364,0.17962748849394847,0.05388824654818522,1.449166666666674,1.4612508359335439,0.004694366859549959,0.0014083100578650058,0.0,0.0,0.0,0,0.0,0.0
1762438940.3895886,198.180198515,4,0.17673352526265163,0.05302005757879513,-1.4508333333333407,1.4625194790390161,0.17960336818167635,0.05388101045450229,1.450833333333341,1.4629005073007988,0.004874784854419628,0.0014624354563258705,0.0,0.0,0.0,0,0.0,0.0
1762438940.4897904,198.280394391,4,0.17657032857840704,0.052971098573521225,-1.4525000000000072,1.4641513815922154,0.17943872027842672,0.053831616083526886,1.452500000000007,1.4645314428940555,0.004870329662753514,0.0014610988988260206,0.0,0.0,0.0,0,0.0,0.0
1762438940.5895047,198.380142425,4,0.17675867321890504,0.05302760196566947,-1.4541666666666742,1.4658295431505,0.1796288839834063,0.05388866519502009,1.4541666666666744,1.466209813990512,0.004875460870900355,0.0014626382612700564,0.0,0.0,0.0,0,0.0,0.0
1762438940.6897283,198.480338025,4,0.17689355901080095,0.053068067703238686,-1.4558333333333409,1.4675006798886772,0.17960028928238975,0.053880086784715786,1.4558333333333409,1.4678589925829773,0.0046936806551220525,0.0014081041965365842,0.0,0.0,0.0,0,0.0,0.0
1762438940.789372,198.580002896,4,0.17670840844624358,0.05301252253387334,-1.4575000000000073,1.469129823794014,0.17958058636809227,0.05387417591042766,1.4575000000000071,1.4695093956250693,0.00487419195405103,0.00146225758621531,0.0,0.0,0.0,0,0.0,0.0
1762438940.8901763,198.680810973,4,0.17688430731061544,0.053065292193183566,-1.459166666666674,1.4708063586072222,0.17958213965942982,0.05387464189782785,1.459166666666674,1.4711626636899846,0.004693127244763924,0.0014079381734291487,0.0,0.0,0.0,0,0.0,0.0
1762438940.9900424,198.780662829,4,0.17705704038344194,0.053117112115030896,-1.4608333333333405,1.472482478987979,0.17975685161737762,0.053927055485212025,1.4608333333333405,1.472838986717318,0.004697688137048469,0.001409306441114511,0.0,0.0,0.0,0,0.0,0.0
1762438941.090224,198.880848625,4,0.17691251453986023,0.05307375436195638,-1.4625000000000077,1.4741170615669952,0.1796083237493276,0.053882497124796654,1.4625000000000077,1.4744723542530287,0.004693784587953969,0.0014081353763861497,0.0,0.0,0.0,0,0.0,0.0
1762438941.1894922,198.980126842,4,0.17676676125052015,0.0530300283751548,-1.4641666666666742,1.4757515710885312,0.17963404069677957,0.05389021220903271,1.464166666666674,1.4761289141964482,0.004875587455701026,0.001462676236710275,0.0,0.0,0.0,0,0.0,0.0
1762438941.2895737,199.08020603,4,0.17692006361992973,0.053076019085977144,-1.4658333333333409,1.4774251702960892,0.1797999311117189,0.05393997933351416,1.4658333333333406,1.477804079609138,0.0048801620627804835,0.0014640486188341045,0.0,0.0,0.0,0,0.0,0.0
1762438941.3895915,199.180212574,4,0.17701506227859998,0.05310451868357813,-1.4675000000000074,1.4790911642553115,0.17990050617873488,0.05397015185361823,1.4675000000000076,1.4794705875462646,0.004882940199325324,0.0014648820597975402,0.0,0.0,0.0,0,0.0,0.0
1762438941.489271,199.279966501,4,0.17676864649120194,0.05303059394735987,-1.4691666666666738,1.480712697561957,0.17964989855566246,0.05389496956669777,1.4691666666666738,1.4810906279630969,0.004876146585339894,0.001462843975601937,0.0,0.0,0.0,0,0.0,0.0
1762438941.5895364,199.380178422,4,0.17688316836921825,0.05306495051076521,-1.470833333333341,1.4823812730433121,0.17975772657541184,0.05392731797262358,1.470833333333341,1.4827581361542914,0.004879008771624614,0.0014637026314873883,0.0,0.0,0.0,0,0.0,0.0
1762438941.6897287,199.480325947,4,0.1767163534890459,0.05301490604671466,-1.4725000000000075,1.4840133085163454,0.17958495005947558,0.05387548501784326,1.4725000000000072,1.484388618985538,0.004874278376852213,0.0014622835130556789,0.0,0.0,0.0,0,0.0,0.0
1762438941.7899134,199.580507305,4,0.17716961963584588,0.053150885890753674,-1.4741666666666742,1.4857259006640544,0.17988446472188635,0.053965339416565616,1.4741666666666742,1.4860814377475273,0.004701130716167227,0.0014103392148501653,0.0,0.0,0.0,0,0.0,0.0
1762438941.889444,199.680100072,4,0.1769387060414669,0.05308161181244131,-1.4758333333333407,1.4873496532376085,0.17981431650985727,0.05394429495295812,1.4758333333333407,1.48772551337862,0.004880541225651945,0.0014641623676956042,0.0,0.0,0.0,0,0.0,0.0
1762438941.9896932,199.780300505,4,0.17675018042561863,0.05302505412768843,-1.4775000000000071,1.4889790235747964,0.17962540303565686,0.053887620910699874,1.477500000000007,1.489354024771531,0.0048754298186223,0.0014626289455867629,0.0,0.0,0.0,0,0.0,0.0
1762438942.0895998,199.88022184,4,0.17659681612596856,0.05297904483779137,-1.4791666666666743,1.4906130424880746,0.17945976701520686,0.053837930104563336,1.4791666666666743,1.490985700291219,0.004870854301874987,0.0014612562905625339,0.0,0.0,0.0,0,0.0,0.0
1762438942.19044,199.980685293,4,0.17682202415054604,0.05304660724516497,-1.4808333333333408,1.492295993386048,0.17951416083512664,0.053854248250539104,1.4808333333333408,1.4926462993978524,0.004691292227884462,0.0014073876683653684,0.0,0.0,0.0,0,0.0,0.0
1762438942.2896729,200.080322224,4,0.17704118667956426,0.0531123560038691,-1.4825000000000075,1.4939781638769734,0.1797354004755521,0.053920620142665604,1.4825000000000073,1.494328778234796,0.004697066226991068,0.0014091198680973183,0.0,0.0,0.0,0,0.0,0.0
1762438942.389858,200.180501096,4,0.17687695423570027,0.0530630862707091,-1.484166666666674,1.4956108593176023,0.17957646052475792,0.05387293815742635,1.4841666666666737,1.4959614610961003,0.004692997473452039,0.0014078992420355838,0.0,0.0,0.0,0,0.0,0.0
1762438942.4895885,200.280231442,4,0.17671723724774857,0.05301517117432564,-1.4858333333333404,1.4972442301640656,0.17958884383091572,0.053876653149276185,1.4858333333333407,1.4976166201760577,0.004874396644879844,0.0014623189934639942,0.0,0.0,0.0,0,0.0,0.0
1762438942.5897825,200.38033443,4,0.17686623851381267,0.0530598715541446,-1.4875000000000076,1.4989173647320888,0.17974125289785112,0.053922375869356214,1.4875000000000076,1.49929009554946,0.004878549763550461,0.0014635649290651606,0.0,0.0,0.0,0,0.0,0.0
1762438942.6898143,200.480450719,4,0.1770129338429216,0.05310388015287648,-1.4891666666666743,1.5005902045349035,0.1798858450846745,0.053965753525402484,1.4891666666666743,1.5009625514737286,0.004882433739160133,0.001464730121748043,0.0,0.0,0.0,0,0.0,0.0
1762438942.7894695,200.580098001,4,0.17683734082931313,0.05305120224879545,-1.4908333333333408,1.502221655731745,0.1797076846178158,0.053912305385346256,1.4908333333333406,1.5025928977472436,0.004877595973262185,0.001463278791978692,0.0,0.0,0.0,0,0.0,0.0
1762438942.8902876,200.680918514,4,0.17700729872450527,0.05310218961735336,-1.4925000000000073,1.5038974952914597,0.17970662564464834,0.05391198769339567,1.4925000000000073,1.504246397275945,0.004696374706739436,0.0014089124120218559,0.0,0.0,0.0,0,0.0,0.0
1762438942.9893863,200.780017176,4,0.17682140763099774,0.05304642228929879,-1.494166666666674,1.5055277350125773,0.17969581230419435,0.05390874369125778,1.494166666666674,1.505898657076177,0.0048773204226527905,0.0014631961267958277,0.0,0.0,0.0,0,0.0,0.0
1762438943.0898142,200.880450402,4,0.17696351791945464,0.0530890553758363,-1.495833333333341,1.5072000184402405,0.1796683150442483,0.05390049451327377,1.495833333333341,1.507548781250792,0.004695432517837083,0.001408629755351103,0.0,0.0,0.0,0,0.0,0.0
1762438943.1897085,200.980366139,4,0.17680521242835123,0.05304156372850466,-1.4975000000000076,1.5088339009396037,0.17966979142520803,0.053900937427561545,1.4975000000000074,1.5092027017622152,0.004876533523728823,0.0014629600571186264,0.0,0.0,0.0,0,0.0,0.0
1762438943.2898588,201.08049865,4,0.17669302913386975,0.05300790874016048,-1.499166666666674,1.5104737532899983,0.17955573808065575,0.05386672142419564,1.4991666666666745,1.5108416797266182,0.004873413402226397,0.0014620240206678914,0.0,0.0,0.0,0,0.0,0.0
1762438943.3896968,201.180303304,4,0.17721559974314083,0.05316467992294349,-1.5008333333333406,1.512194612617072,0.17991872153884192,0.05397561646165325,1.5008333333333408,1.5125424979077624,0.004701903088281779,0.001410570926484549,0.0,0.0,0.0,0,0.0,0.0
1762438943.4897914,201.280387127,4,0.1769883992648289,0.05309651977944885,-1.502500000000007,1.5138197990140827,0.17987356161730644,0.053962068485192326,1.502500000000007,1.5141904282500653,0.004882191594407636,0.0014646574783223035,0.0,0.0,0.0,0,0.0,0.0
1762438943.5896914,201.380310564,4,0.1770485566320925,0.0531145669896258,-1.5041666666666744,1.515481675818991,0.17993604912839853,0.05398081473851809,1.5041666666666749,1.5158523250128646,0.0048839221465708195,0.001465176643971207,0.0,0.0,0.0,0,0.0,0.0
1762438943.689578,201.480203072,4,0.177142815115519,0.053142844534654454,-1.505833333333341,1.517147905330949,0.17985728598680611,0.05395718579604091,1.5058333333333407,1.51749597989562,0.004700407923650788,0.001410122377095211,0.0,0.0,0.0,0,0.0,0.0
1762438943.789971,201.580613036,4,0.17754034198879154,0.05326210259663622,-1.5075000000000074,1.5188527494811779,0.1802625339575369,0.054078760187259975,1.5075000000000074,1.5192022062425414,0.004710999037019343,0.0014132997111057706,0.0,0.0,0.0,0,0.0,0.0
1762438943.8897371,201.680377786,4,0.17751837370841184,0.05325551211252355,-1.5091666666666739,1.5205041763679068,0.1802544277316629,0.05407632831949832,1.5091666666666739,1.520855001562998,0.004710931326340004,0.0014132793979019867,0.0,0.0,0.0,0,0.0,0.0
1762438943.989417,201.780065826,4,0.17746325605504865,0.05323897681651424,-1.5108333333333408,1.5221514238121194,0.18002595428644452,0.05400778628593382,1.5108333333333406,1.5224794075150525,0.004523452705110321,0.001357035811533107,0.0,0.0,0.0,0,0.0,0.0
1762438944.0899055,201.880569905,4,0.16077742640621295,0.04823322792186424,-1.5108333333333408,1.5201293320729987,0.171784819627244,0.05153544588817333,1.5108333333333412,1.5214411876731855,0.02925587454938856,0.008776762364816646,0.0019233765761081643,0.0005770129728324562,0.1,0,0.0,0.0
1762438944.1898391,201.980535712,4,0.16206993612648368,0.04862098083794608,-1.5125000000000077,1.5219352528848624,0.16457610095536915,0.049372830286611914,1.5125000000000077,1.5222283729375845,0.020577332867060295,0.00617319986011825,0.0018573561513084975,0.0005572068453925638,0.1,0,0.0,0.0
1762438944.2887778,202.07952191,4,0.1619159758163109,0.04857479274489407,-1.5141666666666742,1.5235737554051083,0.1646951598845976,0.04940854796538029,1.5141666666666744,1.523898420087746,0.020920827923287966,0.006276248376986525,0.00187457710262605,0.0005623731307878268,0.1,0,0.0,0.0
1762438944.3887632,202.179509161,4,0.1622869160179956,0.048686074805399215,-1.5158333333333407,1.5252731137193285,0.1649803990505947,0.049494119715178954,1.5158333333333407,1.5255880487214564,0.020982881884690552,0.0062948645654072434,0.0018971895458569094,0.0005691568637570797,0.1,0,0.0,0.0
1762438944.4899788,202.280621504,4,0.1636367908352323,0.049091037250568625,-1.5175000000000072,1.527086500252429,0.16613573489598882,0.04984072046879613,1.5175000000000072,1.527380577926242,0.020942556238339394,0.006282766871501758,0.0018920082756619676,0.0005676024826985841,0.1,0,0.0,0.0
1762438944.589455,202.380090497,4,0.1650133646011147,0.049504009380332725,-1.5191666666666737,1.5289039925884298,0.16751992698507623,0.0502559780955212,1.5191666666666739,1.5292010823899373,0.021085195093115145,0.006325558527934344,0.0018876969320954712,0.0005663090796286233,0.1,0,0.0,0.0
1762438944.689248,202.479912227,4,0.16628361379520396,0.049885084138559854,-1.520833333333341,1.5307098972744984,0.16881194279147746,0.05064358283744185,1.5208333333333408,1.5310115193196447,0.02121688490409217,0.006365065471227488,0.0018821532731837984,0.0005646459819551256,0.1,0,0.0,0.0
1762438944.7885964,202.5793358,4,0.16686902500096412,0.05006070750028835,-1.5225000000000075,1.532435184906763,0.16955222901757172,0.05086566870527035,1.5225000000000077,1.532756185640001,0.021464591986975094,0.006439377596092351,0.0018886043486517172,0.0005665813045954988,0.1,0,0.0,0.0
1762438944.8894997,202.68013699,4,0.1681387637942624,0.0504416291382781,-1.524166666666674,1.5342421678529718,0.17065930200008278,0.05119779060002423,1.524166666666674,1.5345454828382508,0.02144747124112015,0.006434241372335976,0.0019026339991721096,0.0005707901997516269,0.1,0,0.0,0.0
1762438944.9892247,202.779912064,4,0.1690320851340985,0.05070962554022884,-1.5258333333333405,1.536004776372243,0.17172767414426496,0.05151830224327921,1.5258333333333407,1.5363306579783411,0.02173914037598259,0.006521742112794798,0.0019127847460833297,0.000573835423825001,0.1,0,0.0,0.0
1762438945.0890415,202.879760969,4,0.17012560389154352,0.05103768116746332,-1.5275000000000074,1.537791863679359,0.1728417378276701,0.05185252134830148,1.527500000000007,1.5381219718557715,0.021848815411405882,0.006554644623421804,0.0019046895267598699,0.0005714068580279639,0.1,0,0.0,0.0
1762438945.189709,202.980359161,4,0.17082182658016176,0.05124654797405048,-1.5291666666666743,1.5395314220761807,0.173386097846147,0.05201582935384562,1.5291666666666741,1.5398438491854132,0.021727098802558464,0.006518129640767704,0.0018918875954558106,0.0005675662786367582,0.1,0,0.0,0.0
1762438945.2892404,203.079933546,4,0.17147318205904583,0.0514419546177165,-1.5308333333333408,1.5412657205377707,0.17404401400039576,0.0522132042001214,1.530833333333341,1.5415797844894963,0.02184116890228612,0.006552350670686142,0.001919700925368235,0.0005759102776104972,0.1,0,0.0,0.0
1762438945.3889053,203.179619629,4,0.17208197225266098,0.05162459167580158,-1.5325000000000073,1.542994994690547,0.1748237956397389,0.05244713869192486,1.5325000000000073,1.5433309145736949,0.022099231536748917,0.006629769461025082,0.0019265248302279556,0.0005779574490684228,0.1,0,0.0,0.0
1762438945.4917421,203.282335278,4,0.17263262455963702,0.051789787367894746,-1.5341666666666742,1.5447173094935833,0.17538380769931375,0.05261514230979744,1.5341666666666745,1.5450550780844432,0.022170032611397546,0.006651009783419679,0.0019326968657361156,0.000579809059720871,0.1,0,0.0,0.0
1762438945.5894763,203.380109594,4,0.17369565317726643,0.05210869595318268,-1.5358333333333407,1.5465023517293528,0.17631251996116626,0.05289375598835234,1.535833333333341,1.5468250973834803,0.02206175771000212,0.006618527313000926,0.0019029394351405924,0.0005708818305422027,0.1,0,0.0,0.0
1762438945.689908,203.480553549,4,0.17424293660453571,0.0522728809813624,-1.5375000000000076,1.5482245654434912,0.17689179974534638,0.05306753992360576,1.5375000000000076,1.5485519437883621,0.02210176268767124,0.006630528806301625,0.0018882241604232528,0.0005664672481269975,0.1,0,0.0,0.0
1762438945.7888124,203.579521176,4,0.1743638833920791,0.05230916501762328,-1.5391666666666741,1.549894525557855,0.1771868482422431,0.05315605447267309,1.5391666666666741,1.5502434560722784,0.022300718830528223,0.006690215649158485,0.0018895786059762506,0.000566873581792876,0.1,0,0.0,0.0
1762438945.889202,203.679896826,4,0.1745103559431156,0.052353106782933256,-1.5408333333333406,1.5515676180019842,0.17715593523267514,0.053146780569801245,1.5408333333333406,1.5518943800350047,0.022134723517599583,0.0066404170552797305,0.001891045924943358,0.000567313777482995,0.1,0,0.0,0.0
1762438945.9889436,203.779641053,4,0.1743901408050723,0.05231704224151956,-1.542500000000007,1.5532080492062021,0.17719229692956429,0.05315768907886732,1.5425000000000069,1.553553700391268,0.02233415026955275,0.006700245080865588,0.0019106417010963618,0.0005731925103288882,0.1,0,0.0,0.0
1762438946.0896504,203.880128768,4,0.17495249876360575,0.052485749629080924,-1.544166666666674,1.5549320966467388,0.17758974185369772,0.05327692255610813,1.544166666666674,1.555257934020328,0.02218904164462018,0.006656712493385946,0.0018957102140101292,0.0005687130642030311,0.1,0,0.0,0.0
1762438946.1898952,203.980570419,4,0.17540566506421928,0.0526216995192641,-1.545833333333341,1.5566428251340718,0.17823300724220045,0.05346990217265848,1.545833333333341,1.556992848330852,0.022399720133239074,0.0067199160399715125,0.0018797136026776832,0.000563914080803287,0.1,0,0.0,0.0
1762438946.2887173,204.079455132,4,0.17576006312073478,0.05272801893621892,-1.5475000000000074,1.5583414560901492,0.17843943415712502,0.05353183024713582,1.5475000000000072,1.558673326426017,0.022229025168820745,0.0066687075506460265,0.0018625389412260456,0.000558761682367797,0.1,0,0.0,0.0
1762438946.3890388,204.179734158,4,0.1757242141921731,0.05271726425765122,-1.549166666666674,1.5599921379658943,0.17856817710639747,0.05357045313191871,1.5491666666666741,1.5603441121864736,0.022408525712819295,0.006722557713845745,0.0018621268227471087,0.0005586380468241298,0.1,0,0.0,0.0
1762438946.4895618,204.280195519,4,0.17572063674571048,0.05271619102371394,-1.5508333333333408,1.5616468124234006,0.17856130323251582,0.05356839096975593,1.550833333333341,1.5619979959337285,0.022407757302503495,0.006722327190751196,0.0018620685810625752,0.0005586205743187845,0.1,0,0.0,0.0
1762438946.5898001,204.380437965,4,0.17634971145326173,0.05290491343597692,-1.5525000000000073,1.56337916085489,0.17903760718439896,0.05371128215531772,1.5525000000000075,1.5637121271567562,0.022237123906380576,0.006671137171913941,0.001826568071771811,0.0005479704215315242,0.1,0,0.0,0.0
1762438946.6901693,204.48081811,4,0.1765390120592274,0.052961703617766975,-1.5541666666666742,1.5650575045686805,0.17923896624709887,0.05377168987412818,1.5541666666666742,1.565391973095253,0.0222282945155793,0.00666848835467362,0.0018074712416183412,0.0005422413724854888,0.1,0,0.0,0.0
1762438946.7898593,204.5803929,4,0.17635144858176677,0.05290543457453101,-1.5558333333333407,1.566689560677399,0.17922588856347754,0.05376776656904366,1.5558333333333407,1.567045070495525,0.02239026729695908,0.006717080189087826,0.0018055711886510954,0.0005416713565953386,0.1,0,0.0,0.0
1762438946.8901055,204.680744356,4,0.1764856642642405,0.05294569927927206,-1.5575000000000077,1.56836114679081,0.17918887711630085,0.05375666313489044,1.5575000000000074,1.5686952165776569,0.022188405226610017,0.006656521567983012,0.0017858753666244603,0.0005357626099873382,0.1,0,0.0,0.0
1762438946.9896939,204.780314474,4,0.17634652409685891,0.05290395722905794,-1.5591666666666741,1.56999924194122,0.17920607365996177,0.05376182209798856,1.5591666666666744,1.5703521403801073,0.022355508679094745,0.006706652603728432,0.0017844561768103318,0.0005353368530431004,0.1,0,0.0,0.0
1762438947.089509,204.880130628,4,0.17624663425682385,0.05287399027704831,-1.5608333333333406,1.5716422078129435,0.17910541543297517,0.05373162462989333,1.5608333333333404,1.5719944439365088,0.022342874087358883,0.006702862226207794,0.0017834462876642465,0.0005350338862992857,0.1,0,0.0,0.0
1762438947.189931,204.980580636,4,0.17649145576585656,0.05294743672975688,-1.5625000000000075,1.5733273387997255,0.17917824197032806,0.05375347259109869,1.5625000000000075,1.573658326388293,0.02215517290296405,0.006646551870889216,0.0017649145576585656,0.0005294743672975688,0.1,0,0.0,0.0
1762438947.2896628,205.080247184,4,0.17672977761791575,0.05301893328537455,-1.564166666666674,1.5750116770026599,0.17941891645678906,0.0538256749370369,1.5641666666666743,1.5753430458081472,0.004688806990819538,0.0014066420972458646,0.0,0.0,0.0,0,0.0,0.0
1762438947.3903408,205.180967149,4,0.17664425575364717,0.05299327672609477,-1.5658333333333405,1.57665643316695,0.17933011938872528,0.05379903581661801,1.5658333333333403,1.5769868914333347,0.004686469019014941,0.0014059407057044953,0.0,0.0,0.0,0,0.0,0.0
1762438947.4899807,205.280598163,4,0.1765719891021309,0.052971596730640336,-1.5675000000000074,1.5783028566772919,0.1792577292593787,0.05377731877781429,1.5675000000000074,1.5786328209923237,0.004684582088107804,0.0014053746264323529,0.0,0.0,0.0,0,0.0,0.0
1762438947.5892806,205.379964133,4,0.17708711877892025,0.05312613563367741,-1.569166666666674,1.580020968754082,0.1797960017685162,0.05393880053055638,1.569166666666674,1.5803543983019819,0.004698762767726064,0.0014096288303178587,0.0,0.0,0.0,0,0.0,0.0
1762438947.6887577,205.47947287,4,0.1765351166588509,0.05296053499765474,-1.5708333333333409,1.5816089361128833,0.17940796364719847,0.05382238909415993,1.5708333333333409,1.5819612599867836,0.004869549486800184,0.001460864846040073,0.0,0.0,0.0,0,0.0,0.0
1762438947.7888584,205.579559355,4,0.1764124428593128,0.05292373285779206,-1.5725000000000073,1.583249355438118,0.17926821182182787,0.05378046354654665,1.5725000000000076,1.5835989643937953,0.004865628997064494,0.0014596886991193009,0.0,0.0,0.0,0,0.0,0.0
1762438947.8887863,205.679537991,4,0.17638358920425912,0.05291507676127649,-1.5741666666666743,1.5849012178472504,0.1792266996109814,0.05376800988329265,1.5741666666666743,1.585248845823495,0.004864380359559518,0.0014593141078678004,0.0,0.0,0.0,0,0.0,0.0
1762438947.9888086,205.779544607,4,0.17605118547762544,0.052815355643284434,-1.5758333333333407,1.5865163649153675,0.17905768534862723,0.053717305604585194,1.5758333333333405,1.5868830763633126,0.0050403026246278,0.0015120907873882612,0.0,0.0,0.0,0,0.0,0.0
1762438948.0888104,205.879544719,4,0.1764170696376297,0.05292512089128776,-1.5775000000000072,1.5882160749976397,0.1790836975902525,0.05372510927707444,1.5775000000000072,1.588541346049719,0.004679890183719507,0.0014039670551158174,0.0,0.0,0.0,0,0.0,0.0
1762438948.1886768,205.979418075,4,0.1761367090037087,0.05284101270111341,-1.5791666666666742,1.5898376250400765,0.17913514070136888,0.05374054221041136,1.579166666666674,1.5902027561359284,0.005042394087625446,0.001512718226287649,0.0,0.0,0.0,0,0.0,0.0
1762438948.2886415,206.079365696,4,0.1762134792881671,0.052864043786451376,-1.580833333333341,1.591502379887036,0.1790407705585705,0.05371223116757261,1.5808333333333413,1.591846295682158,0.004859213589753301,0.0014577640769260275,0.0,0.0,0.0,0,0.0,0.0
1762438948.3892288,206.17986516,4,0.17659490730170901,0.052978472190514214,-1.5825000000000076,1.5932039197166707,0.1794328676677804,0.053829860300336,1.582500000000008,1.5935495153459969,0.00486987611443908,0.0014609628343317785,0.0,0.0,0.0,0,0.0,0.0
1762438948.4900982,206.280718822,4,0.17687842874449,0.053063528623348066,-1.584166666666674,1.5948936467372619,0.17956390976197903,0.05386917292859491,1.5841666666666738,1.5952207098890172,0.004692537700580746,0.0014077613101742558,0.0,0.0,0.0,0,0.0,0.0
1762438948.5894666,206.380074099,4,0.17709914703986307,0.05312974411195892,-1.5858333333333405,1.59657578545548,0.17979687911322575,0.05393906373396777,1.5858333333333405,1.5969044121194251,0.004698698014889196,0.001409609404466761,0.0,0.0,0.0,0,0.0,0.0
1762438948.689635,206.48022592,4,0.17691872354960214,0.05307561706488029,-1.5875000000000075,1.5982094687084238,0.17979265219460633,0.05393779565838215,1.5875000000000072,1.5985590178606728,0.00487992963393842,0.0014639788901815334,0.0,0.0,0.0,0,0.0,0.0
1762438948.789862,206.580366555,4,0.17764237892638235,0.05329271367791533,-1.589166666666674,1.5999523813433474,0.1803761157010643,0.054112834710319906,1.5891666666666737,1.600285735873521,0.004714063030418092,0.0014142189091254456,0.0,0.0,0.0,0,0.0,0.0
1762438948.889096,206.679778314,4,0.17779840425648885,0.0533395212769463,-1.5908333333333409,1.6016266954351992,0.18073942913511368,0.05422182874053388,1.590833333333341,1.6019854688481177,0.004906086030684855,0.0014718258092054504,0.0,0.0,0.0,0,0.0,0.0
1762438948.9898338,206.780460502,4,0.1773054730479986,0.05319164191439896,-1.5925000000000074,1.6032226394179778,0.1800468565832086,0.054014056974961866,1.5925000000000074,1.6035556238922342,0.004705615820162256,0.0014116847460486567,0.0,0.0,0.0,0,0.0,0.0
1762438949.0895329,206.880166157,4,0.1769425267858118,0.05308275803574336,-1.5941666666666738,1.60483450800921,0.1800160255503989,0.0540048076651196,1.594166666666674,1.6052070426636693,0.00506772642535405,0.0015203179276062173,0.0,0.0,0.0,0,0.0,0.0
1762438949.1893115,206.979978306,4,0.176654418494965,0.05299632554848799,-1.5958333333333408,1.6064555461864598,0.17953538656063167,0.05386061596818806,1.5958333333333405,1.6068036434977824,0.0048730610464814555,0.0014619183139444015,0.0,0.0,0.0,0,0.0,0.0
1762438949.289145,207.079804705,4,0.1764699103803773,0.05294097311411283,-1.5975000000000077,1.608089122500352,0.17933782397350706,0.0538013471920516,1.597500000000008,1.6084349194379166,0.004867605807595128,0.0014602817422785209,0.0,0.0,0.0,0,0.0,0.0
1762438949.3899887,207.180638116,4,0.1763760027054211,0.05291280081162597,-1.5991666666666742,1.6097336073393869,0.17922851006813612,0.05376855302044035,1.599166666666674,1.6100769993677186,0.004864519591994328,0.0014593558775982853,0.0,0.0,0.0,0,0.0,0.0
1762438949.489478,207.280113259,4,0.1766288707446808,0.052988661223404065,-1.6008333333333407,1.6114195348542615,0.1794875565000142,0.053846266950004135,1.6008333333333404,1.6117638054361225,0.004871556753848598,0.001461467026154574,0.0,0.0,0.0,0,0.0,0.0
1762438949.5891504,207.379813638,4,0.1765234382426808,0.052957031472804506,-1.6025000000000071,1.6130626836646653,0.17938406986031064,0.053815220958093594,1.6025000000000074,1.6134066358257118,0.004868770390347068,0.001460631117104132,0.0,0.0,0.0,0,0.0,0.0
1762438949.6894715,207.480111936,4,0.1764358815037932,0.052930764451136536,-1.6041666666666745,1.6147080171200834,0.17928988340463697,0.05378696502138969,1.6041666666666747,1.615050647608901,0.00486618013213975,0.0014598540396418918,0.0,0.0,0.0,0,0.0,0.0
1762438949.7893972,207.580076378,4,0.17636335617834664,0.05290900685350319,-1.605833333333341,1.616355187096321,0.17921645187126398,0.05376493556137846,1.6058333333333412,1.6166972194451605,0.004864191339681184,0.0014592574019043354,0.0,0.0,0.0,0,0.0,0.0
1762438949.8894596,207.680121603,4,0.17664409762395916,0.05299322928718997,-1.6075000000000075,1.6180443966639766,0.1794917969706934,0.05384753909120954,1.6075000000000075,1.6183859591104874,0.004871581399617241,0.001461474419885209,0.0,0.0,0.0,0,0.0,0.0
1762438949.989274,207.779924263,4,0.1765942746648168,0.052978282399446464,-1.609166666666674,1.6196942913283119,0.17944546863043495,0.05383364058913182,1.6091666666666737,1.6200358323760033,0.004870351994230343,0.0014611055982691407,0.0,0.0,0.0,0,0.0,0.0
1762438950.0892773,207.87992327,4,0.17654430591389492,0.05296329177416892,-1.6108333333333404,1.621344204665985,0.17939277410350957,0.053817832231053506,1.6108333333333402,1.6216849737986732,0.004868911290916873,0.001460673387275084,0.0,0.0,0.0,0,0.0,0.0
1762438950.1892445,207.979902237,4,0.1765176342838659,0.05295529028515977,-1.6125000000000074,1.622996915580058,0.17936200213961132,0.053808600641883315,1.6125000000000076,1.623336792940575,0.004868044046814925,0.0014604132140444745,0.0,0.0,0.0,0,0.0,0.0
1762438950.2895987,208.080238075,4,0.1768396585153047,0.05305189755459283,-1.6141666666666743,1.6246909849062852,0.1795147819517348,0.05385443458552196,1.6141666666666743,1.6250107337619366,0.0046911732908909804,0.0014073519872673322,0.0,0.0,0.0,0,0.0,0.0
1762438950.3895164,208.1801883,4,0.17681052723501267,0.05304315817050442,-1.6158333333333408,1.6263434140060824,0.17948991176777515,0.05384697353033362,1.6158333333333408,1.6266632983183444,0.004690561965543797,0.0014071685896631708,0.0,0.0,0.0,0,0.0,0.0
1762438950.4893987,208.28005983,4,0.17673739073528516,0.05302121722058617,-1.6175000000000073,1.6279906648256597,0.17959778723352082,0.053879336170056816,1.6175000000000073,1.628331845185534,0.004874535657255236,0.0014623606971765838,0.0,0.0,0.0,0,0.0,0.0
1762438950.5893419,208.380009606,4,0.17663653409296476,0.05299096022788996,-1.6191666666666737,1.6296346834449482,0.17949292495388258,0.053847877486165395,1.619166666666674,1.6299748459601249,0.0048716811665923156,0.001461504349977708,0.0,0.0,0.0,0,0.0,0.0
1762438950.6893277,208.479983644,4,0.17656430777823662,0.05296929233346992,-1.6208333333333411,1.6312821322983913,0.17941769630796556,0.053825308892389186,1.6208333333333411,1.6316214536681872,0.004869618405971666,0.0014608855217914938,0.0,0.0,0.0,0,0.0,0.0
1762438950.7893932,208.579913195,4,0.1768205206144926,0.053046156184345605,-1.6225000000000076,1.6329683527846885,0.17967574021729182,0.053902722065184865,1.6225000000000076,1.6333080312876358,0.004876596188439542,0.0014629788565317897,0.0,0.0,0.0,0,0.0,0.0
1762438950.8894665,208.680102855,4,0.17671941547745806,0.053015824643236176,-1.624166666666674,1.6346124282472685,0.17957720508569192,0.05387316152570615,1.624166666666674,1.6349518804020804,0.00487397713202416,0.0014621931396072074,0.0,0.0,0.0,0,0.0,0.0
1762438950.9890168,208.779696128,4,0.17663810216815445,0.05299143065044554,-1.6258333333333406,1.636258884968314,0.17949338795776282,0.05384801638732827,1.6258333333333408,1.6365975415376892,0.004871681483870127,0.001461504445161024,0.0,0.0,0.0,0,0.0,0.0
1762438951.0895922,208.880231072,4,0.176576842113783,0.052973052634135875,-1.627500000000007,1.6379077432738016,0.17942808254308446,0.053828424762926076,1.6275000000000066,1.638245459666398,0.004869888501642552,0.0014609665504927833,0.0,0.0,0.0,0,0.0,0.0
1762438951.189338,208.979989526,4,0.17685169801129375,0.05305550940338799,-1.6291666666666744,1.6395961203739577,0.17970507107494912,0.0539115213224848,1.6291666666666742,1.6399342646823256,0.00487736903109201,0.0014632107093276064,0.0,0.0,0.0,0,0.0,0.0
1762438951.2891874,209.079844931,4,0.17676501273277845,0.05302950381983296,-1.630833333333341,1.6412420172274815,0.17962050881897587,0.053886152645692034,1.6308333333333411,1.641579911471409,0.004875125353026782,0.0014625376059080174,0.0,0.0,0.0,0,0.0,0.0
1762438951.3892012,209.179858668,4,0.17669378029908556,0.05300813408972349,-1.6325000000000074,1.6428897724059517,0.17954565260618746,0.05386369578185422,1.632500000000007,1.643226761312353,0.004873069668855277,0.0014619209006565318,0.0,0.0,0.0,0,0.0,0.0
1762438951.4894497,209.280047004,4,0.17665029314433944,0.052995087943301655,-1.6341666666666739,1.6445408173282192,0.17949732147507233,0.053849196442521306,1.634166666666674,1.6448768096178812,0.004871721552275073,0.0014615164656825083,0.0,0.0,0.0,0,0.0,0.0
1762438951.5896056,209.380256521,4,0.17660434900874478,0.05298130470262352,-1.6358333333333408,1.646191607675505,0.17945558591357344,0.05383667577407191,1.6358333333333406,1.6465276764811623,0.0048706246849798875,0.0014611874054939649,0.0,0.0,0.0,0,0.0,0.0
1762438951.6900215,209.480674604,4,0.1768878996031571,0.053066369880948816,-1.6375000000000077,1.6478809479566126,0.17973705028493528,0.053921115085481884,1.6375000000000077,1.648216958988475,0.00487820392214589,0.0014634611766437971,0.0,0.0,0.0,0,0.0,0.0
1762438951.7895002,209.580208174,4,0.1768548188446042,0.05305644565338152,-1.6391666666666742,1.6495332595874095,0.1796990160002229,0.05390970480006723,1.639166666666674,1.6498682837530438,0.004877143362729069,0.0014631430088187316,0.0,0.0,0.0,0,0.0,0.0
1762438951.8900037,209.680660314,4,0.17684772848672337,0.0530543185460175,-1.6408333333333407,1.6511886347613642,0.1796885896437627,0.05390657689312932,1.640833333333341,1.6515229141790018,0.004876830696803205,0.0014630492090409739,0.0,0.0,0.0,0,0.0,0.0
1762438951.9891596,209.77981417,4,0.17682464422127797,0.05304739326638286,-1.6425000000000072,1.6528421675212561,0.17967263420314933,0.053901790260944854,1.6425000000000067,1.653176913846445,0.004876456827522379,0.0014629370482567164,0.0,0.0,0.0,0,0.0,0.0
1762438952.0891662,209.879859557,4,0.17677553372139299,0.05303266011641572,-1.6441666666666737,1.6544926957044288,0.17962626716151558,0.05388788014845272,1.6441666666666732,1.6548273406186744,0.004875230342710769,0.00146256910281318,0.0,0.0,0.0,0,0.0,0.0
1762438952.1894062,209.980044899,4,0.17704396469213268,0.053113189407639094,-1.645833333333341,1.656180224925445,0.17972902576516175,0.05391870772954734,1.6458333333333408,1.656495430376086,0.004696831274129923,0.001409049382238945,0.0,0.0,0.0,0,0.0,0.0
1762438952.2893379,210.079993711,4,0.17695985449704832,0.0530879563491129,-1.6475000000000075,1.6578267012003898,0.1798179915696768,0.05394539747090211,1.6475000000000077,1.658161893784944,0.004880474578726257,0.0014641423736178568,0.0,0.0,0.0,0,0.0,0.0
1762438952.3894491,210.180090179,4,0.17687268625392827,0.05306180587617737,-1.649166666666674,1.6594728671569143,0.17972725247652058,0.053918175742955265,1.6491666666666742,1.6598071422314933,0.004877996846842809,0.0014633990540528167,0.0,0.0,0.0,0,0.0,0.0
1762438952.4894288,210.280087343,4,0.17712935767508542,0.053138807302524516,-1.6508333333333405,1.6611590040199016,0.17981744280880713,0.05394523284264098,1.6508333333333407,1.6614737720858592,0.0046991524940006805,0.001409745748200172,0.0,0.0,0.0,0,0.0,0.0
1762438952.5892015,210.379877929,4,0.17703978012806054,0.053111934038418074,-1.6525000000000074,1.6628049227991593,0.1797257922424239,0.053917737672727194,1.6525000000000076,1.6631189773533754,0.004696759221298626,0.0014090277663895848,0.0,0.0,0.0,0,0.0,0.0
1762438952.689867,210.48052939,4,0.17698463549585375,0.05309539064875679,-1.6541666666666743,1.6644548785776323,0.17966483287299168,0.05389944986189807,1.6541666666666743,1.6647678408648552,0.004695121482901198,0.0014085364448703703,0.0,0.0,0.0,0,0.0,0.0
1762438952.7892792,210.579914533,4,0.1769526142561184,0.0530857842768353,-1.6558333333333408,1.6661075463373196,0.17980001464951934,0.05394000439485582,1.655833333333341,1.66643979702835,0.004879882033077367,0.0014639646099232093,0.0,0.0,0.0,0,0.0,0.0
1762438952.8892155,210.679871952,4,0.1768976755241769,0.053069302657253736,-1.6575000000000073,1.667757592844478,0.1797487520006578,0.053924625600198284,1.657500000000007,1.6680898444304308,0.004878543152256344,0.0014635629456769311,0.0,0.0,0.0,0,0.0,0.0
1762438952.9893975,210.779906326,4,0.1768323676227883,0.05304971028683658,-1.6591666666666742,1.6694064770984929,0.17968670383712923,0.05390601115113896,1.659166666666674,1.669738661393417,0.004876897360156806,0.001463069208047051,0.0,0.0,0.0,0,0.0,0.0
1762438953.0894873,210.880141477,4,0.17710223220854138,0.05313066966256219,-1.6608333333333407,1.6710940816791782,0.1799544112570728,0.05398632337712146,1.6608333333333405,1.671426179750034,0.004884104486175374,0.0014652313458525998,0.0,0.0,0.0,0,0.0,0.0
1762438953.1897857,210.980434394,4,0.17703458716417142,0.05311037614925063,-1.6625000000000076,1.6727427199384635,0.17971869405565477,0.05391560821669587,1.6625000000000079,1.673054676871761,0.004696551693241139,0.0014089655079723268,0.0,0.0,0.0,0,0.0,0.0
1762438953.289244,211.079882514,4,0.17697081719485386,0.05309124515845731,-1.6641666666666741,1.6743918432958156,0.17982663765889362,0.053947991297668786,1.6641666666666746,1.674723469657372,0.00488068056758511,0.0014642041702755456,0.0,0.0,0.0,0,0.0,0.0
1762438953.389367,211.179977902,4,0.17688748494741313,0.05306624548422434,-1.6658333333333406,1.676038753485516,0.17974190561942818,0.05392257168582898,1.665833333333341,1.6763697357138687,0.004878392659712112,0.001463517797913649,0.0,0.0,0.0,0,0.0,0.0
1762438953.489364,211.279999114,4,0.1768262016382267,0.0530478604914677,-1.667500000000007,1.67768824013538,0.17967630259517894,0.053902890778553876,1.6675000000000073,1.6780182792057372,0.004876583393286569,0.0014629750179859765,0.0,0.0,0.0,0,0.0,0.0
1762438953.5903816,211.380988779,4,0.17710296129848313,0.05313088838954405,-1.669166666666674,1.6793765841266484,0.1799552776304229,0.053986583289125686,1.6691666666666742,1.6797070620299877,0.0048841270833183325,0.0014652381249954667,0.0,0.0,0.0,0,0.0,0.0
1762438953.68921,211.479854628,4,0.17700751919858249,0.053102255759573946,-1.670833333333341,1.681022170941655,0.17986737951322557,0.053960213853967084,1.6708333333333412,1.6813530285665546,0.004881821795944746,0.0014645465387834067,0.0,0.0,0.0,0,0.0,0.0
1762438953.7892995,211.579942455,4,0.1772339660928477,0.053170189827854486,-1.6725000000000074,1.682704726867835,0.17992459316048792,0.05397737794814673,1.6725000000000074,1.6830159436422902,0.004701966309275754,0.0014105898927827332,0.0,0.0,0.0,0,0.0,0.0
1762438953.8897243,211.680341737,4,0.17712818261711316,0.053138454785134126,-1.674166666666674,1.6843491669579664,0.17998701055201732,0.05399610316560559,1.6741666666666744,1.6846794742331035,0.004885044873615992,0.0014655134620848098,0.0,0.0,0.0,0,0.0,0.0
1762438953.9898117,211.780429712,4,0.1770389225861302,0.05311167677583972,-1.6758333333333408,1.6859955490544851,0.179892675317345,0.053967802595204006,1.6758333333333413,1.6863247787602849,0.004882457564910258,0.001464737269473089,0.0,0.0,0.0,0,0.0,0.0
1762438954.0892656,211.879916238,4,0.17695967299022142,0.05308790189706647,-1.6775000000000073,1.6876431202101538,0.1798167410167782,0.05394502230503359,1.6775000000000075,1.687972267479952,0.004880425205481731,0.001464127561644522,0.0,0.0,0.0,0,0.0,0.0
1762438954.1893332,211.979986003,4,0.1768681523683111,0.0530604457104924,-1.6791666666666742,1.6892893324311398,0.17972492863092188,0.05391747858927589,1.679166666666674,1.6896179564958713,0.0048779438023759765,0.0014633831407127771,0.0,0.0,0.0,0,0.0,0.0
1762438954.2891502,212.079795578,4,0.17678937449109133,0.053036812347325935,-1.6808333333333407,1.690937042246513,0.1796410421040636,0.053892312631217555,1.6808333333333407,1.6912646096378425,0.004875645441646889,0.0014626936324940306,0.0,0.0,0.0,0,0.0,0.0
1762438954.3890095,212.179706595,4,0.17674248125221226,0.0530227443756619,-1.6825000000000077,1.6925884219444316,0.17959005277404433,0.053877015832211834,1.6825000000000074,1.6929151100661821,0.0048742316538450655,0.0014622694961534835,0.0,0.0,0.0,0,0.0,0.0
1762438954.4895582,212.280209642,4,0.17702153122549547,0.05310645936764846,-1.6841666666666741,1.6942769194128577,0.17970536078425467,0.05391160823527627,1.6841666666666741,1.6945848575117888,0.0046962034085699916,0.0014088610225709937,0.0,0.0,0.0,0,0.0,0.0
1762438954.5894268,212.380103343,4,0.1769560359531246,0.053086810785938354,-1.6858333333333406,1.6959262000209407,0.1798087994352211,0.05394263983056705,1.6858333333333404,1.6962532359656761,0.004880175372849955,0.0014640526118550015,0.0,0.0,0.0,0,0.0,0.0
1762438954.6891966,212.479852768,4,0.17688502563021924,0.053065507689067815,-1.6875000000000075,1.697574890954307,0.17973989365146917,0.0539219680954429,1.687500000000008,1.697901722130334,0.004878335209800853,0.0014635005629403154,0.0,0.0,0.0,0,0.0,0.0
1762438954.7893069,212.579946692,4,0.17680796629981055,0.05304238988994481,-1.689166666666674,1.6992229341231582,0.1796616559208957,0.053898496776269955,1.6891666666666743,1.6995491714983664,0.004876216794285322,0.0014628650382856314,0.0,0.0,0.0,0,0.0,0.0
1762438954.88965,212.680123871,4,0.17674057452217307,0.0530221723566533,-1.6908333333333405,1.7008721123455997,0.17959334113919773,0.053878002341760815,1.690833333333341,1.701197804027802,0.004874360886807936,0.0014623082660424212,0.0,0.0,0.0,0,0.0,0.0
1762438954.9892545,212.779957957,4,0.1769946628163721,0.0530983988449103,-1.6925000000000074,1.7025577231405105,0.17968060337944525,0.05390418101383292,1.6925000000000077,1.7028643604120675,0.004695581085933675,0.0014086743257800919,0.0,0.0,0.0,0,0.0,0.0
1762438955.089347,212.880002561,4,0.17693558018997146,0.05308067405699157,-1.694166666666674,1.704207866411834,0.17978432476175799,0.05393529742852748,1.6941666666666741,1.7045328140529343,0.004879487150398053,0.001463846145119418,0.0,0.0,0.0,0,0.0,0.0
1762438955.1895442,212.980212285,4,0.1768923040159458,0.05306769120478361,-1.6958333333333409,1.7058598305588728,0.1797379317786503,0.053921379533595014,1.6958333333333413,1.7061840269253912,0.0048782088097962615,0.001463462642938876,0.0,0.0,0.0,0,0.0,0.0
1762438955.289941,213.080595897,4,0.176872633410726,0.05306179002321798,-1.6975000000000073,1.707514489546176,0.17971969988802527,0.053915909966407535,1.6975000000000071,1.7078385011105037,0.004877704016386252,0.0014633112049158704,0.0,0.0,0.0,0,0.0,0.0
1762438955.389237,213.179880009,4,0.17681851082555156,0.053045553247664134,-1.6991666666666743,1.709165286799686,0.1796700799319749,0.053901023979591484,1.6991666666666743,1.7094894030440633,0.004876422898871906,0.0014629268696615477,0.0,0.0,0.0,0,0.0,0.0
1762438955.4892733,213.279916956,4,0.1767764867117716,0.0530329460135297,-1.7008333333333407,1.7108174792755755,0.17962350372022862,0.053887051116066974,1.7008333333333405,1.711140685374677,0.004875127204820828,0.0014625381614462056,0.0,0.0,0.0,0,0.0,0.0
1762438955.5891767,213.379852656,4,0.1767360800785287,0.053020824023558344,-1.7025000000000072,1.712469882883108,0.17958324771757203,0.05387497431527135,1.7025000000000072,1.7127927211774012,0.004874041492524003,0.0014622124477571927,0.0,0.0,0.0,0,0.0,0.0
1762438955.6897078,213.480327829,4,0.1773439897161353,0.05320319691483988,-1.7041666666666742,1.7141952918580192,0.1800340432184401,0.05401021296553153,1.704166666666674,1.7145009150187012,0.00470478483364382,0.0014114354500931352,0.0,0.0,0.0,0,0.0,0.0
1762438955.7897177,213.580395153,4,0.1772041325539595,0.05316123976618625,-1.705833333333341,1.715836467475504,0.17990209233186794,0.05397062769955853,1.7058333333333413,1.716142462789965,0.004701442449751554,0.0014104327349254108,0.0,0.0,0.0,0,0.0,0.0
1762438955.8892114,213.679847749,4,0.17705296224707157,0.053115888674121425,-1.7075000000000076,1.7174764333376253,0.17992209538443454,0.05397662861532996,1.7075000000000073,1.7178014107702402,0.004883377591819834,0.0014650132775459364,0.0,0.0,0.0,0,0.0,0.0
1762438955.989132,213.779774186,4,0.17690575545496445,0.05307172663648929,-1.709166666666674,1.7191169096154395,0.17976998103893202,0.05393099431167937,1.7091666666666738,1.7194407499750184,0.0048792364013349986,0.001463770920400493,0.0,0.0,0.0,0,0.0,0.0
1762438956.0897436,213.880362846,4,0.17712358085367086,0.053137074256100814,-1.7108333333333405,1.7207983629697565,0.17981675722007653,0.05394502716602258,1.7108333333333408,1.7211027937277763,0.004699177867135891,0.0014097533601407552,0.0,0.0,0.0,0,0.0,0.0
1762438956.18923,213.979930743,4,0.17700988807526352,0.05310296642258017,-1.7125000000000075,1.722442647962283,0.17986787378067728,0.05396036213420352,1.712500000000007,1.7227653417398612,0.004881825766243206,0.0014645477298729618,0.0,0.0,0.0,0,0.0,0.0
1762438956.2891495,214.079818295,4,0.1769270220794814,0.05307810662384593,-1.714166666666674,1.7240904319831434,0.179782167131321,0.05393465013939777,1.7141666666666737,1.7244123448917978,0.004879480895103714,0.001463844268531151,0.0,0.0,0.0,0,0.0,0.0
1762438956.389055,214.179709504,4,0.17683338297411844,0.05305001489223704,-1.7158333333333409,1.7257370533172025,0.1796904242707142,0.05390712728121579,1.715833333333341,1.7260587054686485,0.004877022706353501,0.0014631068119060904,0.0,0.0,0.0,0,0.0,0.0
1762438956.4889946,214.279692095,4,0.1767552771492369,0.053026583144772044,-1.7175000000000074,1.7273854510560573,0.17960846896427043,0.05388254068928222,1.7175000000000071,1.7277062193309503,0.004874779371278737,0.0014624338113836542,0.0,0.0,0.0,0,0.0,0.0
1762438956.5892327,214.379921429,4,0.1766920820528668,0.053007624615861726,-1.7191666666666738,1.7290355484793816,0.17954545002947436,0.05386363500884378,1.7191666666666736,1.7293559169761596,0.004873061205994297,0.001461918361798329,0.0,0.0,0.0,0,0.0,0.0
1762438956.6891487,214.479827825,4,0.1769485774782198,0.053084573243468824,-1.7208333333333408,1.7307212751044414,0.17980276418095772,0.053940829254289835,1.7208333333333412,1.7310418851601748,0.0048800344731066815,0.0014640103419320694,0.0,0.0,0.0,0,0.0,0.0
1762438956.7891018,214.579752121,4,0.17686268701793395,0.053058806105382494,-1.7225000000000077,1.7323688686202368,0.17972001457186812,0.05391600437156243,1.7225000000000075,1.7326893746904355,0.004877821908981471,0.001463346572694494,0.0,0.0,0.0,0,0.0,0.0
1762438956.8892233,214.67988687,4,0.17678196543742475,0.053034589631228535,-1.7241666666666742,1.7340170776107546,0.1796354523011918,0.05389063569035884,1.7241666666666744,1.7343367005235852,0.0048755088875869395,0.00146265266627612,0.0,0.0,0.0,0,0.0,0.0
1762438956.9891737,214.779848296,4,0.17670153256404442,0.0530104597692147,-1.7258333333333407,1.7356653579823202,0.17955627229188212,0.053866881687566266,1.7258333333333407,1.7359846745598213,0.004873379212850031,0.001462013763855056,0.0,0.0,0.0,0,0.0,0.0
1762438957.0890677,214.879773095,4,0.17696082107659894,0.05308824632298226,-1.7275000000000071,1.7373513588488019,0.17964522916068124,0.05389356874820675,1.727500000000007,1.7376516265099384,0.004694648407801823,0.0014083945223406105,0.0,0.0,0.0,0,0.0,0.0
1762438957.1890101,214.979718195,4,0.1769116339295942,0.05307349017887786,-1.7291666666666745,1.739003129005392,0.1797587643873639,0.05392762931620924,1.7291666666666743,1.7393213514727162,0.004878782481799649,0.0014636347445399019,0.0,0.0,0.0,0,0.0,0.0
1762438957.2891507,215.079791172,4,0.1768901228637536,0.05306703685912462,-1.730833333333341,1.740657994479549,0.17973339103992333,0.05392001731197559,1.7308333333333408,1.7409754414980807,0.004878058263348368,0.0014634174790044716,0.0,0.0,0.0,0,0.0,0.0
1762438957.389237,215.179752715,4,0.176848837893246,0.05305465136797283,-1.7325000000000075,1.7423106948807938,0.17969767208666124,0.05390930162599694,1.7325000000000077,1.742628393018774,0.004877144079473673,0.0014631432238420587,0.0,0.0,0.0,0,0.0,0.0
1762438957.489082,215.279731636,4,0.17680705510288774,0.05304211653086499,-1.734166666666674,1.7439633679174664,0.17965601211877547,0.05389680363563114,1.7341666666666737,1.7442807044482151,0.004876020273502037,0.0014628060820505687,0.0,0.0,0.0,0,0.0,0.0
1762438957.5892885,215.379966474,4,0.17677662492744517,0.05303298747823337,-1.7358333333333404,1.7456173217497417,0.17962306490082433,0.053886919470246875,1.7358333333333404,1.7459340212750005,0.004875102359594922,0.0014625307078784584,0.0,0.0,0.0,0,0.0,0.0
1762438957.6893837,215.480054963,4,0.17706529010760041,0.05311958703228026,-1.7375000000000074,1.7473065150360407,0.1797461003005125,0.053923830090154,1.7375000000000076,1.7476048437861633,0.004697234277354679,0.001409170283206412,0.0,0.0,0.0,0,0.0,0.0
1762438957.7897012,215.580367664,4,0.1770199294388215,0.05310597883164636,-1.7391666666666743,1.7489588316626163,0.17969984955297902,0.053909954865893735,1.739166666666674,1.7492567031763737,0.004696027695824106,0.001408808308747231,0.0,0.0,0.0,0,0.0,0.0
1762438957.889522,215.680162089,4,0.17698798140614347,0.05309639442184366,-1.7408333333333408,1.7506126547889718,0.1798344639802926,0.05395033919408868,1.7408333333333408,1.7509288300724009,0.0048808110302771095,0.0014642433090831576,0.0,0.0,0.0,0,0.0,0.0
1762438957.9891465,215.7797997,4,0.17693780761938793,0.05308134228581585,-1.7425000000000073,1.7522644967766838,0.17978951110206343,0.053936853330619025,1.742500000000007,1.7525808690184748,0.004879646047898332,0.001463893814369503,0.0,0.0,0.0,0,0.0,0.0
1762438958.089028,215.879728517,4,0.1768632164623578,0.05305896493870632,-1.7441666666666737,1.7539136843667404,0.17971982017233465,0.05391594605169948,1.744166666666674,1.754230174211059,0.004877803006128005,0.0014633409018383755,0.0,0.0,0.0,0,0.0,0.0
1762438958.189522,215.980188243,4,0.17710891222195668,0.05313267366658625,-1.7458333333333411,1.7555980962558628,0.17996391303114453,0.053989173909343206,1.7458333333333413,1.7559145391136495,0.004884390687438554,0.0014653172062315592,0.0,0.0,0.0,0,0.0,0.0
1762438958.28931,216.079764824,4,0.17702900516155795,0.053108701548468584,-1.7475000000000076,1.757246725092604,0.1798861109277576,0.05396583327832836,1.7475000000000078,1.7575629644670387,0.0048822972734638235,0.0014646891820391742,0.0,0.0,0.0,0,0.0,0.0
1762438958.38922,216.179917942,4,0.17692993058221562,0.05307897917466686,-1.749166666666674,1.758893290152605,0.17978945189174583,0.053936835567525654,1.7491666666666739,1.759209327232088,0.004879711869262486,0.0014639135607787965,0.0,0.0,0.0,0,0.0,0.0
1762438958.4894102,216.280076289,4,0.17715503923604103,0.05314651177081364,-1.7508333333333406,1.7605754231930153,0.1800147859049873,0.054004435771498105,1.7508333333333408,1.7608915819375575,0.004885801885232044,0.001465740565569667,0.0,0.0,0.0,0,0.0,0.0
1762438958.5892918,216.379927143,4,0.17702784710784547,0.053108354132354485,-1.752500000000007,1.762218943812122,0.17989238951571396,0.05396771685471582,1.7525000000000073,1.7625351163220009,0.0048825394516077685,0.0014647618354823744,0.0,0.0,0.0,0,0.0,0.0
1762438958.6893861,216.480031584,4,0.17723301067364394,0.053169903202091806,-1.7541666666666744,1.7638988840416663,0.17992730390059133,0.05397819117017584,1.7541666666666746,1.764196183607541,0.004702056017981239,0.001410616805394331,0.0,0.0,0.0,0,0.0,0.0
1762438958.7888517,216.579544292,4,0.17679150118612474,0.05303745035583507,-1.755833333333341,1.7655081139650313,0.17964706020109047,0.053894118060325055,1.755833333333341,1.765822283426298,0.004875845243231065,0.0014627535729692608,0.0,0.0,0.0,0,0.0,0.0
1762438958.889243,216.679908729,4,0.17673518066755944,0.05302055420026486,-1.7575000000000074,1.7671595155088078,0.17958469248970518,0.0538754077469088,1.7575000000000074,1.7674726225140076,0.004874095513682298,0.0014622286541046178,0.0,0.0,0.0,0,0.0,0.0
1762438958.9892268,216.779902514,4,0.1770083502126516,0.05310250506379299,-1.7591666666666739,1.7688468540832447,0.17969280058046228,0.05390784017413645,1.7591666666666737,1.7691418594685464,0.004695879374247556,0.001408763812274207,0.0,0.0,0.0,0,0.0,0.0
1762438959.089233,216.87988936,4,0.1769543884203375,0.053086316526099075,-1.7608333333333408,1.7704985287656494,0.17980629943010065,0.053941889829027735,1.7608333333333408,1.7708116954015405,0.004880094096238356,0.0014640282288714388,0.0,0.0,0.0,0,0.0,0.0
1762438959.189069,216.979729121,4,0.17688447944747354,0.05306534383423944,-1.7625000000000077,1.7721484982319278,0.17973731498008483,0.0539211944940226,1.7625000000000077,1.7724613529247795,0.004878251268561431,0.0014634753805683521,0.0,0.0,0.0,0,0.0,0.0
1762438959.2890272,217.079722396,4,0.17681417308205738,0.053044251924615704,-1.7641666666666742,1.7737984587440419,0.17967005520415685,0.05390101656124532,1.7641666666666742,1.7741112355490016,0.004876451742585812,0.001462935522775693,0.0,0.0,0.0,0,0.0,0.0
1762438959.389987,217.180641142,4,0.17706616866257008,0.05311985059876978,-1.7658333333333407,1.775483457462675,0.17975170369741172,0.053925511109221815,1.7658333333333405,1.775777575272773,0.004697426842583591,0.001409228052775033,0.0,0.0,0.0,0,0.0,0.0
1762438959.4889414,217.279593533,4,0.17699293465271682,0.05309788039581331,-1.7675000000000072,1.7771331221435085,0.17985092020227048,0.0539552760606794,1.767500000000007,1.777445857209837,0.004881338810183342,0.0014644016430549554,0.0,0.0,0.0,0,0.0,0.0
1762438959.5892498,217.37989558,4,0.1768950678615333,0.05306852035845866,-1.7691666666666737,1.7787801514890034,0.17975176085199385,0.053925528255596634,1.7691666666666734,1.7790922833207685,0.004878677160070434,0.0014636031480210854,0.0,0.0,0.0,0,0.0,0.0
1762438959.689293,217.479969362,4,0.16050066115192774,0.04815019834557699,-1.7691666666666737,1.7770845782560247,0.1716558832990275,0.051496764989706574,1.769166666666673,1.7782205581760777,0.029586716423056054,0.008876014926916512,0.001939063013410651,0.000581718904023175,0.1,0,0.0,0.0
1762438959.7893476,217.580033656,4,0.1608476047005727,0.0482542814101703,-1.770833333333341,1.7787779856004502,0.1635965577983754,0.049078967339510435,1.770833333333341,1.7790512283807518,0.004441583185274335,0.0013324749555822394,0.0,0.0,0.0,0,0.0,0.0
1762438959.889164,217.679807809,4,0.16162775775537863,0.048488327326613234,-1.7725000000000075,1.7805142234657916,0.16431614455323734,0.04929484336597043,1.7725000000000075,1.780782419877101,0.004460439375649415,0.0013381318126948023,0.00044604393756494156,0.00013381318126948024,0.1,0,0.0,0.0
1762438959.9889045,217.779560316,4,0.16264030649981542,0.04879209194994605,-1.774166666666674,1.7822738001346323,0.165299261867037,0.049589778560112104,1.7741666666666742,1.7825404212029994,0.004486714432812674,0.0013460143298438295,0.0004486714432812674,0.00013460143298438297,0.1,0,0.0,0.0
1762438960.0890555,217.879726039,4,0.163774151593012,0.04913224547790529,-1.7758333333333405,1.784045957382689,0.166418337505095,0.049925501251529975,1.7758333333333405,1.7843126538000507,0.004516788395160921,0.0013550365185483174,0.0004516788395160922,0.0001355036518548317,0.1,0,0.0,0.0
1762438960.1892986,217.979962959,4,0.16525103431705324,0.04957531029511708,-1.7775000000000074,1.7858532598547228,0.16773904778955084,0.050321714336866295,1.7775000000000076,1.7861060755417562,0.0043833271948886116,0.001314998158466609,0.00043833271948886117,0.0001314998158466609,0.1,0,0.0,0.0
1762438960.2891939,218.07983715,4,0.16637358010094472,0.04991207403028497,-1.7791666666666743,1.787625635044266,0.16902756928653326,0.0507082707859618,1.7791666666666746,1.7878969980630377,0.021551046685090478,0.006465314005527362,0.0019834437301329715,0.0005950331190399115,0.1,0,0.0,0.0
1762438960.3894336,218.179960019,4,0.16740833523827447,0.05022250057148403,-1.7808333333333408,1.7893896197815726,0.17007824715536046,0.05102347414661008,1.7808333333333408,1.7896640372373154,0.02168499038118409,0.006505497114355498,0.001995771173021139,0.000598731351906367,0.1,0,0.0,0.0
1762438960.4897625,218.280426289,4,0.1686873618104241,0.05060620854312825,-1.7825000000000073,1.7911791268261523,0.17136982673390075,0.051410948020171154,1.7825000000000077,1.791456656771569,0.021817799223402417,0.006545339767020847,0.001990377612089933,0.0005971132836269912,0.1,0,0.0,0.0
1762438960.5894036,218.380053791,4,0.16954874148459842,0.05086462244538037,-1.7841666666666742,1.7929262896170588,0.17224829842459166,0.05167448952737864,1.7841666666666747,1.7932067431343646,0.02192998498499018,0.006578995495497226,0.002000610438991382,0.0006001831316974305,0.1,0,0.0,0.0
1762438960.6897771,218.480423238,4,0.17032376876324085,0.051097130628974696,-1.7858333333333407,1.7946648147798239,0.1730385316260909,0.05191155948782956,1.785833333333341,1.7949478649476824,0.022030809037811135,0.00660924271134358,0.0020098074957066543,0.0006029422487120178,0.1,0,0.0,0.0
1762438960.7889888,218.579642583,4,0.17101832253334637,0.051305496760006175,-1.7875000000000076,1.7963952156026073,0.17374526846506516,0.05212358053952198,1.7875000000000074,1.7966804212108185,0.02212093992687964,0.006636281978064193,0.0020180289666155964,0.0006054086899847063,0.1,0,0.0,0.0
1762438960.8892498,218.679893311,4,0.17165561630250625,0.051496684890754096,-1.7891666666666741,1.798119829231097,0.17439251745519932,0.052317755236561875,1.7891666666666741,1.7984068668598028,0.02220326471350397,0.006660979414051487,0.002025539588767173,0.0006076618766301786,0.1,0,0.0,0.0
1762438960.9888864,218.77958637,4,0.17221583058378087,0.051664749175135416,-1.7908333333333406,1.7998365387970083,0.17496550220510942,0.05248965066153429,1.7908333333333406,1.8001255839985886,0.022276642264710038,0.00668299267941319,0.0020322320018290162,0.0006096696005487215,0.1,0,0.0,0.0
1762438961.0894127,218.880091189,4,0.17303990512779777,0.05191197153834137,-1.792500000000007,1.8015809478221234,0.1756381328195882,0.052691439845878464,1.7925000000000066,1.8018549862664883,0.02216927435280571,0.0066507823058420045,0.002020921568332978,0.0006062764704999202,0.1,0,0.0,0.0
1762438961.189498,218.980193026,4,0.17347031453111583,0.05204109435933413,-1.794166666666674,1.8032842963058946,0.17624165154942886,0.052872495464828397,1.794166666666674,1.8035771811306973,0.022407124751262282,0.006722137425378706,0.0020260193780328286,0.0006078058134098509,0.1,0,0.0,0.0
1762438961.2891302,219.079777534,4,0.17385211576455495,0.05215563472936635,-1.795833333333341,1.8049825842652816,0.17663354224070787,0.05299006267221218,1.7958333333333414,1.8052769084264177,0.022457217559955982,0.006737165267986743,0.0020305470198697384,0.0006091641059609174,0.1,0,0.0,0.0
1762438961.3889763,219.179635012,4,0.17415799590122427,0.05224739877036688,-1.7975000000000074,1.8066729223117912,0.17695023258119827,0.05308506977435974,1.7975000000000079,1.8069686382014263,0.022497939340641534,0.0067493818021925325,0.0020342253680309254,0.0006102676104092839,0.1,0,0.0,0.0
1762438961.4891546,219.279797787,4,0.1744331324576458,0.05232993973729272,-1.799166666666674,1.8083600401292785,0.17722980820596118,0.05316894246178759,1.7991666666666737,1.8086564172898334,0.02253343501882108,0.006760030505646264,0.002037435338195016,0.0006112306014584991,0.1,0,0.0,0.0
1762438961.5888214,219.379519189,4,0.174680245502004,0.052404073650599514,-1.8008333333333408,1.8100442175671536,0.17748074702398295,0.05324422410719337,1.8008333333333404,1.81034114393101,0.022565390491612304,0.0067696171474835075,0.0020403240914217973,0.0006120972274265221,0.1,0,0.0,0.0
1762438961.6894236,219.480055148,4,0.1752175258216182,0.05256525774648457,-1.8025000000000073,1.8117589623559285,0.17786009120087504,0.053358027360261386,1.8025000000000075,1.8120396080455277,0.02241821361329948,0.006725464083989697,0.002025339300229621,0.000607601790068873,0.1,0,0.0,0.0
1762438961.788975,219.579631791,4,0.1753877438043303,0.05261632314129816,-1.8041666666666742,1.8134350551505343,0.17820158703752603,0.05346047611125693,1.804166666666674,1.8137340458953384,0.022624515367281307,0.0067873546101842605,0.002027356734512594,0.0006082070203537663,0.1,0,0.0,0.0
1762438961.8889735,219.67959938,4,0.17550209598570055,0.05265062879570914,-1.8058333333333407,1.8151052592579202,0.17832811821017774,0.0534984354630527,1.8058333333333405,1.8154054720968484,0.0226412750532558,0.006792382515976691,0.002028851795442365,0.000608655538632705,0.1,0,0.0,0.0
1762438961.9890347,219.77972901,4,0.17559031593191143,0.052677094779572275,-1.8075000000000077,1.8167727115309475,0.17858594309211273,0.05357578292763286,1.8075000000000072,1.8170909590844466,0.0228374550089309,0.006851236502679157,0.0020298947876600123,0.0006089684362979935,0.1,0,0.0,0.0
1762438962.0889697,219.879643743,4,0.17599181742372005,0.052797545227117215,-1.8091666666666741,1.8184731860436982,0.178653424494218,0.053596027348266226,1.8091666666666744,1.818756060610887,0.022485960268433743,0.006745788080530215,0.0020131086470312008,0.000603932594109369,0.1,0,0.0,0.0
1762438962.1894362,219.980110119,4,0.17606888935491138,0.052820666806475014,-1.8108333333333406,1.820139455577976,0.17872937504205483,0.05361881251261821,1.8108333333333408,1.8204220740447326,0.02249539519073614,0.006748618557221029,0.002013954454415993,0.0006041863363248144,0.1,0,0.0,0.0
1762438962.2891932,220.079820366,4,0.17615491570192843,0.05284647471057813,-1.8125000000000075,1.8218066731174625,0.1789809868287521,0.053694296048625516,1.8125000000000078,1.822106890682975,0.022690734288095763,0.006807220286428723,0.00201490305537035,0.0006044709166111045,0.1,0,0.0,0.0
1762438962.3890755,220.179732611,4,0.17621260555359308,0.0528637816660793,-1.814166666666674,1.8234709090666887,0.17904545228468774,0.053713635685407275,1.8141666666666738,1.8237716751520303,0.022699220399875195,0.006809766119962648,0.0020156522855255842,0.0006046956856576833,0.1,0,0.0,0.0
1762438962.4893048,220.27999962,4,0.1765818510767443,0.052974555323023864,-1.8158333333333405,1.8251679780463583,0.17925244076437843,0.053775732229314296,1.8158333333333407,1.8254517143275133,0.022528441878406847,0.006758532563522158,0.00199851128302822,0.0005995533849084751,0.1,0,0.0,0.0
1762438962.5891938,220.379859091,4,0.17657339263599736,0.052972017790799075,-1.8175000000000074,1.8268252373053755,0.17924888466142713,0.05377466539842833,1.8175000000000074,1.827109226973337,0.022528231866509128,0.006758469559952758,0.0019984872398958126,0.000599546171968746,0.1,0,0.0,0.0
1762438962.6892307,220.479871996,4,0.17654927645355323,0.05296478293606732,-1.819166666666674,1.8284808657349618,0.17939657464249487,0.05381897239274981,1.8191666666666735,1.8287829214792026,0.02271113916075263,0.006813341748225949,0.00199827975744862,0.0005994839272346,0.1,0,0.0,0.0
1762438962.789057,220.579712973,4,0.1768136661814974,0.05304409985445124,-1.8208333333333409,1.8301668713141204,0.1796691390810292,0.053900741724310704,1.8208333333333409,1.8304699716942516,0.022712665467264755,0.00681379964017966,0.001979961995612603,0.0005939885986838015,0.1,0,0.0,0.0
1762438962.8891945,220.679850341,4,0.17673784877271337,0.05302135463181701,-1.8225000000000073,1.8318170708986818,0.17958928345916378,0.05387678503775241,1.8225000000000073,1.8321193380070542,0.02270249163635987,0.006810747490908371,0.001979076642706301,0.0005937229928119261,0.1,0,0.0,0.0
1762438962.9893398,220.780006516,4,0.17669398423613814,0.053008195270840996,-1.8241666666666743,1.8334706598713049,0.17954118766140229,0.05386235629842048,1.824166666666674,1.833772128501982,0.022696326405171115,0.00680889792155131,0.0019785443847907813,0.0005935633154372325,0.1,0,0.0,0.0
1762438963.0889316,220.879579786,4,0.17664649275137578,0.05299394782541311,-1.8258333333333407,1.8351238930978535,0.17949823326804276,0.05384946998041317,1.825833333333341,1.835425493523139,0.022691063679499475,0.006807319103849896,0.001978081117221917,0.0005934243351665802,0.1,0,0.0,0.0
1762438963.189035,220.979697132,4,0.1765980111950034,0.052979403358502264,-1.8275000000000072,1.836777048184749,0.17944603659827565,0.053833810979483886,1.8275000000000075,1.8370778996154278,0.022684349100329116,0.00680530473009889,0.001977496373524796,0.0005932489120574527,0.1,0,0.0,0.0
1762438963.2892468,221.079911424,4,0.17690762446362251,0.05307228733908831,-1.8291666666666742,1.838467750525213,0.17958448202835603,0.05387534460850843,1.8291666666666742,1.8387506175081356,0.022504236426132227,0.006751270927839871,0.001959534408609789,0.0005878603225829544,0.1,0,0.0,0.0
1762438963.3890796,221.179777006,4,0.17686241566702554,0.053058724700107085,-1.830833333333341,1.8401212560010416,0.17971236524343248,0.0539137095730294,1.8308333333333413,1.8404222115443478,0.022684923192966465,0.0068054769578898815,0.00195910611000062,0.0005877318330001803,0.1,0,0.0,0.0
1762438963.4888804,221.279528469,4,0.17680864070608826,0.053042592211824946,-1.8325000000000076,1.8417738900356124,0.17966309854101759,0.053898929562303625,1.8325000000000073,1.8420749641600769,0.022678800567161417,0.006803640170148224,0.0019585735242575227,0.0005875720572772396,0.1,0,0.0,0.0
1762438963.589125,221.379783899,4,0.17705899579659556,0.05311769873897765,-1.834166666666674,1.8434583637888222,0.17974762438865466,0.05392428731659531,1.8341666666666738,1.843741955466411,0.022491734233799486,0.006747520270139709,0.0019400004861578086,0.000582000145847331,0.1,0,0.0,0.0
1762438963.6891453,221.479843432,4,0.17696190192172923,0.05308857057651739,-1.8358333333333405,1.845106484416392,0.1798182366380716,0.05394547099142055,1.8358333333333408,1.8454074725777818,0.022665163095560277,0.0067995489286679645,0.0019389425501806896,0.0005816827650541958,0.1,0,0.0,0.0
1762438963.7891166,221.579764449,4,0.17687975921050092,0.05306392776314972,-1.8375000000000075,1.8467562047135635,0.17973556827848672,0.05392067048354516,1.837500000000008,1.8470567298298703,0.02265477896079865,0.006796433688239488,0.0019380549588921298,0.0005814164876676305,0.1,0,0.0,0.0
1762438963.8891807,221.679816715,4,0.17679071538239577,0.053037214614718664,-1.839166666666674,1.8484052399182684,0.17964489393121796,0.053893468179365515,1.8391666666666744,1.8487051743330423,0.02264328003146353,0.006792984009439077,0.0019370677936679506,0.0005811203381003868,0.1,0,0.0,0.0
1762438963.988901,221.779600972,4,0.17672937711801207,0.0530188131354028,-1.8408333333333409,1.850057195979072,0.1795797644355954,0.05387392933067783,1.8408333333333409,1.8503563584259681,0.022635096586469044,0.006790528975940628,0.0019363727427252292,0.0005809118228175618,0.1,0,0.0,0.0
1762438964.0890067,221.879706326,4,0.1766705586857693,0.05300116760573026,-1.8425000000000074,1.8517094426701883,0.17952265217501504,0.05385679565250375,1.8425000000000076,1.8520084198193958,0.022627932355084934,0.00678837970652539,0.0019357581190573053,0.0005807274357171842,0.1,0,0.0,0.0
1762438964.1892588,221.979955639,4,0.17694122990641015,0.0530823689719222,-1.8441666666666738,1.853395972581395,0.1796242672117732,0.0538872801635309,1.8441666666666736,1.8536772671582449,0.022443145807605265,0.006732943742281443,0.0019173958547983204,0.0005752187564394845,0.1,0,0.0,0.0
1762438964.2895749,222.080254895,4,0.17688941900458355,0.05306682570137422,-1.8458333333333408,1.8550489613458376,0.17957061230386484,0.05387118369115866,1.845833333333341,1.8553297290993707,0.022436429153712304,0.00673092874611358,0.0019168224362342248,0.0005750467308702578,0.1,0,0.0,0.0
1762438964.389247,222.179944464,4,0.17685762809307914,0.0530572884279219,-1.8475000000000077,1.8567040546274631,0.1797037576294191,0.05391112728882377,1.847500000000008,1.8570019117253795,0.02261766413713987,0.006785299241141736,0.0019164593123490038,0.0005749377937046828,0.1,0,0.0,0.0
1762438964.4891293,222.279811402,4,0.17683500615943326,0.05305050184782889,-1.8491666666666742,1.8583601201760793,0.17967794732822082,0.05390338419846516,1.8491666666666742,1.8586573381597986,0.0226144409997203,0.006784332299915992,0.0019161900991615652,0.0005748570297484624,0.1,0,0.0,0.0
1762438964.5890296,222.379686797,4,0.1768144774821545,0.053044343244645464,-1.8508333333333407,1.860016421856363,0.17966248051342437,0.05389874415402635,1.8508333333333404,1.8603138738673701,0.02261252703542372,0.006783758110626998,0.0019160242702669292,0.0005748072810800693,0.1,0,0.0,0.0
1762438964.689087,222.479759192,4,0.17675399701963812,0.053026199105892236,-1.8525000000000071,1.8616686072591069,0.1796078987853659,0.053882369635610265,1.8525000000000074,1.8619663146962864,0.022605572337107183,0.00678167170113223,0.0019154237971724885,0.0005746271391517539,0.1,0,0.0,0.0
1762438964.789316,222.579980164,4,0.17699866954509091,0.053099600863527385,-1.8541666666666745,1.8633523886829364,0.17968756654377196,0.05390626996313145,1.8541666666666745,1.8636328864048217,0.022417850312553434,0.00672535509376602,0.0018968102778715121,0.0005690430833614531,0.1,0,0.0,0.0
1762438964.8894074,222.680072451,4,0.17691837652273068,0.05307551295681945,-1.855833333333341,1.8650025423945695,0.17977018848236928,0.05393105654471105,1.855833333333341,1.8652997723256588,0.022592865818013612,0.006777859745404111,0.0018959189795520809,0.0005687756938656262,0.1,0,0.0,0.0
1762438964.9892406,222.77989383,4,0.17687782352311965,0.05306334705693594,-1.8575000000000075,1.866656833286501,0.1797233889646704,0.053917016689401215,1.8575000000000073,1.8669530768687408,0.022587108121499864,0.006776132436449953,0.0018954455187167464,0.0005686336556150228,0.1,0,0.0,0.0
1762438965.0891113,222.879732881,4,0.17684568035267523,0.053053704105803234,-1.859166666666674,1.8683120147938936,0.179691588275294,0.05390747648258911,1.859166666666674,1.8686079785129064,0.0225831269912969,0.006774938097389187,0.001895111509000541,0.0005685334527001717,0.1,0,0.0,0.0
1762438965.1891668,222.97981523,4,0.17680263595994772,0.053040790787984626,-1.8608333333333404,1.8699660938140754,0.17965160494499624,0.053895481483498896,1.8608333333333404,1.8702620448825138,0.022577988111396878,0.006773396433419086,0.0018946728142380759,0.0005684018442714255,0.1,0,0.0,0.0
1762438965.2890315,223.079728028,4,0.17675034433460657,0.05302510330038279,-1.8625000000000074,1.8716192443449724,0.17960208717635998,0.053880626152908465,1.8625000000000071,1.8719151373907847,0.022571751222000547,0.006771525366600251,0.0018941457726087414,0.0005682437317826308,0.1,0,0.0,0.0
1762438965.389077,223.179747804,4,0.17700922841804645,0.053102768525412625,-1.8641666666666743,1.873304441910432,0.1796940035051171,0.053908201051533856,1.864166666666674,1.8735830352955933,0.02238558777213105,0.006715676331639142,0.0018756747000755467,0.0005627024100226492,0.1,0,0.0,0.0
1762438965.4893658,223.280051733,4,0.17695660189173146,0.05308698056751826,-1.8658333333333408,1.8749575713163886,0.17980439029949777,0.053941317089848034,1.8658333333333408,1.875252866212492,0.022564185723808673,0.006769255717142432,0.0018750919564004254,0.0005625275869201133,0.1,0,0.0,0.0
1762438965.5896602,223.38030646,4,0.17691675915479133,0.053075027746436465,-1.8675000000000073,1.8766120398846817,0.1797659233465428,0.05392977700396165,1.867500000000007,1.8769071522172742,0.02255934728024965,0.006767804184074755,0.0018746890927503065,0.0005624067278250805,0.1,0,0.0,0.0
1762438965.6889327,223.47958209,4,0.17685642875509444,0.05305692862652922,-1.8691666666666737,1.8782644280944818,0.1797092726806476,0.05391278180419515,1.869166666666674,1.8785595648014675,0.02255204054109939,0.006765612162329936,0.0018740711284364595,0.0005622213385309479,0.1,0,0.0,0.0
1762438965.7891762,223.579885033,4,0.1771054196223023,0.05313162588669185,-1.8708333333333411,1.8799485792010628,0.17996311520486932,0.05398893456146188,1.8708333333333411,1.8802443694904296,0.022550708447429058,0.0067652125342288465,0.0018555207976157409,0.0005566562392847331,0.1,0,0.0,0.0
1762438965.890035,223.680681451,4,0.17700831426195318,0.05310249427858604,-1.8725000000000076,1.8815972120027427,0.1798631382801026,0.05395894148403132,1.8725000000000076,1.8818922832824605,0.022538211829214123,0.0067614635487642984,0.0018544937250070904,0.0005563481175021317,0.1,0,0.0,0.0
1762438965.9889386,223.779591114,4,0.17692081738973542,0.053076245216922224,-1.874166666666674,1.8832468658879142,0.17977731898697452,0.053933195696094,1.8741666666666736,1.8835417087138284,0.022527320588119445,0.00675819617643606,0.0018535920734230394,0.0005560776220269312,0.1,0,0.0,0.0
1762438966.0891373,223.87978462,4,0.1768286507268193,0.05304859521804772,-1.8758333333333406,1.884896076609251,0.1796846669601166,0.05390540008803709,1.8758333333333403,1.8851904588512245,0.022515652521341377,0.0067546957564026825,0.001852628785220342,0.0005557886355661251,0.1,0,0.0,0.0
1762438966.1888623,223.979536546,4,0.17674878264904414,0.05302463479471475,-1.877500000000007,1.8865465788214872,0.179604629528557,0.053881388858568954,1.8775000000000068,1.8868405542105153,0.022505608671807217,0.006751682601542389,0.0018518023917641212,0.0005555407175292539,0.1,0,0.0,0.0
1762438966.2891119,224.079787817,4,0.17699662056713805,0.053098986170142304,-1.8791666666666744,1.8882305651417743,0.17968358162997491,0.053905074488993565,1.8791666666666744,1.888507163786831,0.022317877782920135,0.006695363334876157,0.0018332208078744145,0.000549966242362333,0.1,0,0.0,0.0
1762438966.3892643,224.179940379,4,0.17692828411991357,0.05307848523597469,-1.880833333333341,1.8898822638181376,0.17977992635105877,0.05393397790531815,1.8808333333333414,1.890175580116644,0.022494706092365646,0.006748411827709792,0.0018325040087633386,0.0005497512026290106,0.1,0,0.0,0.0
1762438966.4890156,224.279669977,4,0.17688204454293377,0.053064613362881374,-1.8825000000000074,1.8915362436054637,0.17973116232729638,0.053919348698189706,1.8825000000000078,1.891828966073727,0.0224887026297868,0.006746610788936143,0.0018320189385394696,0.0005496056815618498,0.1,0,0.0,0.0
1762438966.589008,224.379628057,4,0.17681868501555176,0.05304560550466553,-1.8841666666666739,1.8931885039297567,0.17967169385524295,0.053901508156572714,1.8841666666666743,1.8934812694959968,0.022481008825976347,0.0067443026477928885,0.0018313814102683874,0.0005494144230805151,0.1,0,0.0,0.0
1762438966.6891375,224.479785014,4,0.17676156224593353,0.05302846867378008,-1.8858333333333408,1.8948414259479995,0.17961131382993564,0.05388339414898063,1.8858333333333412,1.8951335059387957,0.022440469232958938,0.006732140769887684,0.001809693544457783,0.0005429080633373354,0.1,0,0.0,0.0
1762438966.7892127,224.579908584,4,0.1770305676349586,0.053109170290488894,-1.8875000000000077,1.8965275257285692,0.17971598072111925,0.0539147942163364,1.887500000000008,1.8968028070313407,0.022288857008622154,0.00668665710258678,0.0018124463613530093,0.0005437339084059154,0.1,0,0.0,0.0
1762438966.889206,224.679878265,4,0.17696246574778907,0.05308873972433714,-1.8891666666666742,1.8981793442700636,0.1798133183474635,0.05394399550423903,1.8891666666666744,1.8984713531024273,0.022465837033448066,0.006739751110034435,0.0018117440450188295,0.0005435232135056506,0.1,0,0.0,0.0
1762438966.989037,224.779736711,4,0.17692016964436696,0.05307605089330858,-1.8908333333333407,1.899833810639734,0.179766408690019,0.053929922607004833,1.8908333333333405,1.900125020278975,0.022460236261928522,0.006738070878578391,0.0018113018525660013,0.0005433905557697852,0.1,0,0.0,0.0
1762438967.0891237,224.879776044,4,0.17690240588116457,0.05307072176434824,-1.8925000000000072,1.9014907869130369,0.17974522244943944,0.053923566734830654,1.8925000000000074,1.9017813612618122,0.022457830865488533,0.00673734925964637,0.0018111167054617114,0.0005433350116384971,0.1,0,0.0,0.0
1762438967.1893463,224.979996949,4,0.17689014301667405,0.05306704290500219,-1.8941666666666737,1.9031483375844034,0.17973219484573846,0.053919658453720966,1.8941666666666737,1.9034385602227801,0.022456210193529332,0.006736863058058756,0.0018109863662175221,0.0005432959098652535,0.1,0,0.0,0.0
1762438967.2889528,225.079648076,4,0.17685218311797524,0.05305565493539355,-1.895833333333341,1.904803303486222,0.17970516287170463,0.05391154886151251,1.895833333333341,1.9050943358377823,0.022452089025337796,0.0067356267076014754,0.001810628234675888,0.0005431884704027775,0.1,0,0.0,0.0
1762438967.389031,225.179703042,4,0.17709462736191983,0.053128388208576016,-1.8975000000000075,1.9064866594534897,0.17978482871998328,0.05393544861599545,1.8975000000000077,1.9067610933872423,0.022263922815791228,0.006679176844737402,0.0017920121031461491,0.0005376036309438469,0.1,0,0.0,0.0
1762438967.489828,225.280442488,4,0.17698637577860543,0.053095912733580164,-1.899166666666674,1.9081345290461214,0.1798476580234165,0.053954297407023726,1.899166666666674,1.9084261248691288,0.022402949076575876,0.00672088472297259,0.0017698637577860544,0.0005309591273358016,0.1,0,0.0,0.0
1762438967.588996,225.379656401,4,0.1768717460860718,0.05306152382582008,-1.9008333333333405,1.9097817940763264,0.17973243576676842,0.05391973073002936,1.9008333333333405,1.9100728904782123,0.022421738698248102,0.00672652160947425,0.0017897629242309844,0.0005369288772692799,0.1,0,0.0,0.0
1762438967.689173,225.479828047,4,0.17742244904774096,0.05322673471432049,-1.9025000000000074,1.911496288438582,0.18011589924190186,0.05403476977256873,1.9025000000000074,1.911770839693953,0.004706958668628199,0.0014120876005884117,0.0,0.0,0.0,0,0.0,0.0
1762438967.7890074,225.579657828,4,0.17694938825790185,0.05308481647737029,-1.9041666666666743,1.9131073619088281,0.17981300717972995,0.0539439021539188,1.9041666666666746,1.9133983789517235,0.022398384607120382,0.0067195153821360785,0.0017694938825790188,0.0005308481647737029,0.1,0,0.0,0.0
1762438967.8891134,225.679755785,4,0.17685456436030123,0.0530563693080901,-1.9058333333333408,1.9147566972604382,0.17970716185974558,0.0539121485579231,1.9058333333333408,1.9150461817487037,0.022386032676396474,0.006715809802918899,0.0017685456436030125,0.0005305636930809011,0.1,0,0.0,0.0
1762438967.9895098,225.780163613,4,0.17712435096545898,0.053137305289637116,-1.9075000000000073,1.9164427617120234,0.1798071859701801,0.05394215579105336,1.9075000000000075,1.9167150623652776,0.004698844720302314,0.0014096534160906752,0.0,0.0,0.0,0,0.0,0.0
1762438968.089591,225.88024974,4,0.17706357549198204,0.05311907264759341,-1.9091666666666742,1.9180955416131087,0.17974802174861598,0.053924406524583995,1.9091666666666742,1.9183676795788418,0.004697314792715302,0.0014091944378145707,0.0,0.0,0.0,0,0.0,0.0
1762438968.1894648,225.980126394,4,0.1770024635521914,0.05310073906565549,-1.9108333333333407,1.9197483138085236,0.1796867499324716,0.05390602497973973,1.9108333333333407,1.9200201080739276,0.004695721725023438,0.0014087165175069877,0.0,0.0,0.0,0,0.0,0.0
1762438968.2891388,226.079783295,4,0.17693591779195073,0.053080775337584374,-1.9125000000000076,1.9214005667000695,0.17961831770813264,0.053885495312438574,1.9125000000000079,1.9216718337586667,0.004693927793265613,0.0014081783379796533,0.0,0.0,0.0,0,0.0,0.0
1762438968.3894215,226.180065142,4,0.1768913934185401,0.053067418025562585,-1.9141666666666741,1.923055054775931,0.17973661156833617,0.05392098347050151,1.9141666666666746,1.9233425981281393,0.004878169048481053,0.0014634507145443328,0.0,0.0,0.0,0,0.0,0.0
1762438968.4889984,226.279640974,4,0.17686634670545964,0.05305990401163818,-1.9158333333333406,1.9247115158178378,0.17971339792897426,0.053914019378692925,1.9158333333333408,1.9249989579196878,0.004877537601849634,0.0014632612805549087,0.0,0.0,0.0,0,0.0,0.0
1762438968.5888872,226.379594467,4,0.1771185210184345,0.053135556305530685,-1.917500000000007,1.926395755765591,0.179807780169422,0.053942334050826705,1.917500000000007,1.926667294374494,0.004698913005970303,0.0014096739017910949,0.0,0.0,0.0,0,0.0,0.0
1762438968.68908,226.479733244,4,0.1770205130064907,0.05310615390194817,-1.919166666666674,1.9280449216892772,0.17987999741007113,0.05396399922302187,1.919166666666674,1.9283333791450228,0.004882151617997981,0.0014646454853994067,0.0,0.0,0.0,0,0.0,0.0
1762438968.7892733,226.579863612,4,0.17721188077649652,0.053163564232948435,-1.920833333333341,1.929723065544579,0.17991157781011746,0.053973473343034706,1.9208333333333407,1.9299953383620672,0.004701704342223389,0.0014105113026670058,0.0,0.0,0.0,0,0.0,0.0
1762438968.88946,226.6801057,4,0.17704987052307353,0.053114961156920604,-1.9225000000000074,1.9313658653271695,0.17991844653401948,0.05397553396020474,1.922500000000007,1.931654797232034,0.004883282596098169,0.0014649847788294214,0.0,0.0,0.0,0,0.0,0.0
1762438968.9889905,226.77966323,4,0.17687602876867292,0.05306280863060131,-1.924166666666674,1.9330075406795193,0.17974544954659324,0.05392363486397764,1.924166666666674,1.9332960316880572,0.004878624813737266,0.001463587444121168,0.0,0.0,0.0,0,0.0,0.0
1762438969.089277,226.879909294,4,0.1770555066067312,0.05311665198201743,-1.9258333333333408,1.9346844856242973,0.17975299748550053,0.05392589924564856,1.9258333333333406,1.9349555991009924,0.004697567515194653,0.001409270254558358,0.0,0.0,0.0,0,0.0,0.0
1762438969.1888666,226.979526458,4,0.17690944725888025,0.053072834177663175,-1.9275000000000073,1.936328982445163,0.17977702022594658,0.05393310606778283,1.9275000000000078,1.936616845669651,0.004879451571199991,0.0014638354713599655,0.0,0.0,0.0,0,0.0,0.0
1762438969.2894728,227.080134556,4,0.17677575964341663,0.05303272789302538,-1.9291666666666742,1.937974759175952,0.17963803015419197,0.05389140904625786,1.929166666666674,1.9382616267223771,0.004875649976582026,0.0014626949929746145,0.0,0.0,0.0,0,0.0,0.0
1762438969.3889112,227.179616059,4,0.17698512265814503,0.05309553679744439,-1.9308333333333407,1.9396546679193354,0.17984673254541478,0.05395401976362532,1.9308333333333407,1.9399415569978018,0.004881285565979438,0.0014643856697938574,0.0,0.0,0.0,0,0.0,0.0
1762438969.489592,227.280229375,4,0.17688493610793043,0.053065480832380496,-1.9325000000000077,1.9413038082376257,0.17974053285088012,0.05392215985526539,1.932500000000008,1.9415896859205362,0.004878370030592716,0.0014635110091778506,0.0,0.0,0.0,0,0.0,0.0
1762438969.5889423,227.379601691,4,0.17680187938979663,0.05304056381693978,-1.9341666666666741,1.9429546830562612,0.1796613568784409,0.053898407063532966,1.9341666666666741,1.9432405759153606,0.004876249591897259,0.0014628748775691962,0.0,0.0,0.0,0,0.0,0.0
1762438969.690145,227.480784437,4,0.17704568135403775,0.053113704406212436,-1.9358333333333406,1.9446379954444835,0.17973186219766626,0.053919558659300884,1.9358333333333408,1.944906567303306,0.00469691773854656,0.0014090753215639947,0.0,0.0,0.0,0,0.0,0.0
1762438969.7887564,227.579420665,4,0.1766538080038068,0.05299614240114292,-1.9375000000000075,1.9462583099351631,0.17950273686342177,0.05385082105902755,1.9375000000000075,1.946542420156884,0.004871885304894706,0.00146156559146844,0.0,0.0,0.0,0,0.0,0.0
1762438969.8892653,227.679929397,4,0.1766263880363419,0.05298791641090328,-1.939166666666674,1.9479147726087693,0.17947090579782074,0.053841271739347045,1.9391666666666736,1.9481981546243026,0.004870985536077303,0.0014612956608232141,0.0,0.0,0.0,0,0.0,0.0
1762438969.9887948,227.779448834,4,0.17661039785384414,0.052983119356154074,-1.9408333333333405,1.9495723816633757,0.1794531732003451,0.05383595196010431,1.9408333333333403,1.9498553225490676,0.0048704935659104,0.0014611480697731417,0.0,0.0,0.0,0,0.0,0.0
1762438970.089291,227.87992871,4,0.1766029100618789,0.052980873018564134,-1.9425000000000074,1.9512308450688662,0.17944370877772417,0.05383311263331783,1.9425000000000072,1.9515133355003558,0.004870219739596945,0.0014610659218790992,0.0,0.0,0.0,0,0.0,0.0
1762438970.1890545,227.979695607,4,0.17658991444205718,0.05297697433261739,-1.944166666666674,1.9528887795954735,0.17943455169856926,0.05383036550957112,1.9441666666666741,1.9531713940082083,0.004870003638510589,0.0014610010915531864,0.0,0.0,0.0,0,0.0,0.0
1762438970.2893,228.079951441,4,0.17689413422502098,0.05306824026750645,-1.9458333333333409,1.9545779938287062,0.17974074153847042,0.05392222246154123,1.945833333333341,1.9548610440016274,0.00487829097130346,0.001463487291391041,0.0,0.0,0.0,0,0.0,0.0
1762438970.3895829,228.180242686,4,0.17685701890854266,0.053057105672563276,-1.9475000000000073,1.956233552416376,0.17970572662131226,0.053911717986394096,1.947500000000007,1.9565165145014147,0.00487735622383152,0.0014632068671494654,0.0,0.0,0.0,0,0.0,0.0
1762438970.4887784,228.27942865,4,0.17679776625384658,0.05303932987615356,-1.9491666666666743,1.9578869515655226,0.1796516267699617,0.0538954880309882,1.9491666666666745,1.95817009605286,0.004875933832218118,0.0014627801496654286,0.0,0.0,0.0,0,0.0,0.0
1762438970.5890296,228.379668023,4,0.17704710948728086,0.05311413284618438,-1.9508333333333407,1.9595707398637785,0.1797336924284303,0.05392010772852927,1.9508333333333403,1.959837307700791,0.004696964444633665,0.0014090893333901036,0.0,0.0,0.0,0,0.0,0.0
1762438970.6889875,228.479657543,4,0.17696017928860241,0.05308805378658077,-1.9525000000000072,1.9612214297495145,0.17981586397422086,0.05394475919226631,1.9525000000000072,1.9615045327454983,0.00488039351686636,0.0014641180550599088,0.0,0.0,0.0,0,0.0,0.0
1762438970.7892447,228.579917424,4,0.17688777160019187,0.05306633148005724,-1.9541666666666742,1.9628735772814236,0.17973798132432423,0.053921394397297144,1.9541666666666744,1.9631557808323397,0.004878250215656755,0.0014634750646970237,0.0,0.0,0.0,0,0.0,0.0
1762438970.8897552,228.680385292,4,0.1768294783845823,0.05304884351537398,-1.955833333333341,1.9645271369980843,0.17968379926978095,0.05390513978093362,1.9558333333333409,1.9648094206799376,0.0048768087659037136,0.0014630426297710967,0.0,0.0,0.0,0,0.0,0.0
1762438970.9887257,228.779344228,4,0.17673606991205437,0.0530208209736156,-1.9575000000000076,1.9661772798668753,0.1795920078835319,0.05387760236505879,1.9575000000000073,1.966459339862453,0.004874360457294746,0.001462308137188404,0.0,0.0,0.0,0,0.0,0.0
1762438971.088969,228.87966967,4,0.17666997128199802,0.05300099138459924,-1.959166666666674,1.967830127734185,0.17952331850836376,0.05385699555250915,1.959166666666674,1.968111588715438,0.004872466497863706,0.0014617399493591133,0.0,0.0,0.0,0,0.0,0.0
1762438971.1891823,228.979836196,4,0.1765943417945368,0.05297830253836122,-1.9608333333333405,1.9694820697850568,0.17944754418879713,0.053834263256639245,1.9608333333333408,1.9697631609223774,0.00487043210317931,0.0014611296309537966,0.0,0.0,0.0,0,0.0,0.0
1762438971.2894096,229.080066407,4,0.176872124267617,0.053061637280285456,-1.9625000000000075,1.9711685711003597,0.179552573231616,0.053865771969484826,1.9625000000000077,1.9714327018551745,0.004692206290382012,0.0014076618871146024,0.0,0.0,0.0,0,0.0,0.0
1762438971.3887665,229.179385871,4,0.1768111664809514,0.05304334994428617,-1.964166666666674,1.9728219585178335,0.17966407897022105,0.05389922369106702,1.9641666666666742,1.9731028868336264,0.004876272551412329,0.0014628817654237184,0.0,0.0,0.0,0,0.0,0.0
1762438971.4890602,229.279714563,4,0.17674172369658925,0.05302251710897732,-1.9658333333333409,1.9744745424188905,0.17959382473519722,0.05387814742055965,1.9658333333333409,1.9747550458466898,0.004874374601317484,0.001462312380395259,0.0,0.0,0.0,0,0.0,0.0
1762438971.5892792,229.379915114,4,0.17701138765040364,0.053103416295121386,-1.9675000000000074,1.9761602298852599,0.17969666156663142,0.05390899846998958,1.9675000000000078,1.9764243775804478,0.004695988562158341,0.0014087965686475062,0.0,0.0,0.0,0,0.0,0.0
1762438971.6890788,229.479733528,4,0.17694776769146764,0.0530843303074402,-1.9691666666666738,1.9778133935551965,0.17962983803402646,0.053888951410208004,1.969166666666674,1.9780769092498307,0.00469422776844887,0.001408268330534665,0.0,0.0,0.0,0,0.0,0.0
1762438971.7888267,229.579522294,4,0.17686184464221982,0.053058553392667296,-1.9708333333333408,1.9794644098735845,0.17972051609998724,0.05391615482999757,1.9708333333333408,1.9797450450592635,0.004877852486933072,0.0014633557460799595,0.0,0.0,0.0,0,0.0,0.0
1762438971.8895242,229.680148602,4,0.17709920129675788,0.0531297603890275,-1.9725000000000077,1.9811469275495384,0.179789707848034,0.05393691235441044,1.9725000000000077,1.9814110576966202,0.004698454121516262,0.0014095362364548853,0.0,0.0,0.0,0,0.0,0.0
1762438971.9894736,229.780132666,4,0.17700627004646058,0.053101881013937424,-1.9741666666666742,1.982797280909167,0.17969260321392924,0.05390778096417794,1.9741666666666746,1.9830606416032994,0.004695898403214742,0.001408769520964402,0.0,0.0,0.0,0,0.0,0.0
1762438972.089502,229.880155172,4,0.17693414249946288,0.05308024274983891,-1.9758333333333407,1.9844496879647875,0.17978414026437278,0.05393524207931173,1.9758333333333407,1.9847288753227466,0.004879496334402553,0.001463848900320764,0.0,0.0,0.0,0,0.0,0.0
1762438972.1889696,229.979644257,4,0.1771768119373513,0.05315304358120598,-1.9775000000000071,1.9861327042094286,0.17987041329748288,0.05396112398924538,1.977500000000007,1.9863965914393875,0.004700578281914745,0.0014101734845744375,0.0,0.0,0.0,0,0.0,0.0
1762438972.2887952,230.079422671,4,0.17702856738779532,0.053108570216338746,-1.9791666666666745,1.9877777361531832,0.17989685126481508,0.053969055379444526,1.9791666666666747,1.9880584072099141,0.004882691545853511,0.001464807463756054,0.0,0.0,0.0,0,0.0,0.0
1762438972.388962,230.179608474,4,0.17687788766478757,0.053063366299436865,-1.980833333333341,1.989422580155423,0.17974115919301212,0.05392234775790427,1.9808333333333412,1.9897022888714402,0.004878454138953889,0.0014635362416861846,0.0,0.0,0.0,0,0.0,0.0
1762438972.489537,230.280189165,4,0.17710211781675694,0.05313063534502782,-1.9825000000000075,1.9911037829674716,0.17979446218959805,0.05393833865688034,1.9825000000000077,1.9913667776206225,0.00469859308846975,0.0014095779265409485,0.0,0.0,0.0,0,0.0,0.0
1762438972.5898619,230.380537059,4,0.1769961146764208,0.053098834402927286,-1.984166666666674,1.9927529881891126,0.17985275589716337,0.0539558267691501,1.984166666666674,1.9930317624557035,0.004881405741507001,0.0014644217224521305,0.0,0.0,0.0,0,0.0,0.0
1762438972.6889877,230.479638108,4,0.17691192341053813,0.05307357702316251,-1.9858333333333404,1.994404337390153,0.17976423735127364,0.053929271205382906,1.9858333333333404,1.994682324356697,0.004878980099067788,0.0014636940297203579,0.0,0.0,0.0,0,0.0,0.0
1762438972.7892487,230.579884327,4,0.1768529093116581,0.05305587279349888,-1.9875000000000074,1.9960581472416845,0.179704266377993,0.05391127991339961,1.9875000000000071,1.9963357181236783,0.004877339540285022,0.0014632018620855528,0.0,0.0,0.0,0,0.0,0.0
1762438972.8894367,230.679961087,4,0.1767824494451153,0.053034734833534936,-1.9891666666666743,1.9977108763052993,0.1796367169892169,0.05389101509676537,1.9891666666666743,1.9979883932036824,0.004875544940613895,0.0014626634821841757,0.0,0.0,0.0,0,0.0,0.0
1762438972.9889832,230.77966747,4,0.17702122220636057,0.053106366661907156,-1.9908333333333408,1.9993934481243565,0.17971091374878506,0.053913274124634536,1.9908333333333408,1.9996549739288532,0.004696400576674506,0.0014089201730023268,0.0,0.0,0.0,0,0.0,0.0
1762438973.0890582,230.879739963,4,0.17693817866624667,0.05308145359987293,-1.9925000000000073,2.0010449794509952,0.1796227236742054,0.05388681710226044,1.992500000000007,2.001305664289586,0.004694065834502457,0.0014082197503507065,0.0,0.0,0.0,0,0.0,0.0
1762438973.1907682,230.981423205,4,0.1768882308574623,0.053066469257238014,-1.9941666666666737,2.002699725575401,0.17973580334683456,0.053920741004049574,1.994166666666674,2.002976060705577,0.004878165349247568,0.0014634496047742475,0.0,0.0,0.0,0,0.0,0.0
1762438973.2888436,231.079494934,4,0.17685388858488996,0.0530561665754663,-1.9958333333333411,2.0043559936208326,0.17953519478928684,0.05386055843678516,1.9958333333333411,2.004615808669488,0.004691747635025989,0.0014075242905077713,0.0,0.0,0.0,0,0.0,0.0
1762438973.3894606,231.18010649,4,0.17711028692177436,0.05313308607653133,-1.9975000000000076,2.0060402360295666,0.1797994658994472,0.05393983976983351,1.9975000000000074,2.0063009754900065,0.004698694308285186,0.0014096082924855405,0.0,0.0,0.0,0,0.0,0.0
1762438973.4891934,231.279854642,4,0.1770171514565058,0.05310514543695111,-1.999166666666674,2.007690860041156,0.17970413999093496,0.05391124199727981,1.9991666666666743,2.0079510355222094,0.0046962025242753055,0.0014088607572825726,0.0,0.0,0.0,0,0.0,0.0
1762438973.589029,231.379678344,4,0.15197890261989375,0.048088929282146475,-1.9983333333333406,2.00468108263439,0.16935838043502074,0.05143366931005514,1.9989428201988613,2.0067635839298177,0.030030109240618733,0.009054004278513153,0.0023063195273938727,0.0006963930088509182,0.1,0,0.0,0.0
1762438973.6898994,231.48054809,4,0.12790172157577787,0.04329608166439036,-1.9975000000000076,2.0020588530484233,0.13041848030777972,0.044068750224002785,1.9975000000000074,2.0022380689498753,0.003413398356659167,0.0011526866867092563,0.0,0.0,0.0,0,0.0,0.0
1762438973.7890527,231.579681444,4,0.1047488374272138,0.038653084739363575,-1.9966666666666741,1.9997860279740003,0.12101576102178123,0.04174485276296605,1.9972885901321322,2.001386809045139,0.021459764026167085,0.0073337969050636005,0.001616478515364909,0.000554309513776146,0.1,0,0.0,0.0
1762438973.888925,231.679569786,4,0.0832415536915658,0.03434055045430329,-1.9958333333333407,1.997863640019249,0.08537467083830051,0.03505291602519529,1.9958333333333407,1.9979660246828752,0.002324271805006517,0.0009528038735479027,0.0,0.0,0.0,0,0.0,0.0
1762438973.9891524,231.779789043,4,0.06376229556681726,0.03046823354071293,-1.9950000000000072,1.9962512225647027,0.0778044055435691,0.033101002556434764,1.9956219234929589,1.9974123418608303,0.013860379202872473,0.005815835854770898,0.0010396113409835762,0.000439086796628497,0.1,0,0.0,0.0
1762438974.0889478,231.879603353,4,0.045872331508076646,0.026878402483961228,-1.9941666666666742,1.9948752877717824,0.04738700410013081,0.02746709388956292,1.9941666666666742,1.9949187110879476,0.001293068026531651,0.0007468849734107333,0.0,0.0,0.0,0,0.0,0.0
1762438974.1893399,231.979985252,4,0.02979267569653892,0.02365145289403725,-1.9933333333333407,1.9936962588435996,0.04154647035440942,0.025833557119062198,1.9939461123250646,1.9945462092236852,0.007508741898962769,0.004561826979519483,0.0005547863836400492,0.0003419855244665169,0.1,0,0.0,0.0
1762438974.2889345,232.079571891,4,0.015445043413333845,0.020773744737604405,-1.9925000000000073,1.9926681479454857,0.016369064160256658,0.02124286681865961,1.992500000000007,1.9926804700333132,0.0004502126420199234,0.0005777650712823323,0.0,0.0,0.0,0,0.0,0.0
1762438974.3894272,232.180090632,4,0.002710995958319154,0.018223177148671166,-1.9916666666666742,1.9917518783210972,0.012829431384788285,0.019948173518571328,1.9922794456867519,1.992420616647573,0.0023272849353293376,0.0035225689399725757,0.00016574119485726575,0.0002639617341864702,0.1,0,0.0,0.0
1762438974.4893816,232.280012806,4,-0.008367916727564095,0.016149288908297033,-1.9908333333333408,1.9909164178020493,0.00792682365589919,0.016531803560287283,1.9908333333333408,1.990917752237236,0.00020964399576087572,0.0004497795073915565,0.0,0.0,0.0,0,0.0,0.0
1762438974.5889106,232.379552074,4,-0.018543315626975435,0.014000861866111824,-1.9900000000000073,1.9901356432885333,0.011960383668743808,0.015438330834605827,1.9906190809386046,1.9907148761772284,0.0017684689676773964,0.0027404427703762854,0.00013819256728599794,0.00019768143233203137,0.1,0,0.0,0.0
1762438974.688753,232.479386324,4,-0.027366115071240024,0.012183229073109203,-1.9891666666666743,1.9893922094706584,0.02736186700900181,0.012470253831557174,1.9891666666666743,1.9893939295108574,0.0007385324527113852,0.00033927605966973504,0.0,0.0,0.0,0,0.0,0.0
1762438974.7890296,232.579661757,4,-0.03507193883998959,0.010642534433509931,-1.9883333333333408,1.988671101232589,0.02960523228789025,0.011684190032589307,1.98894611241027,1.989200751092625,0.004943169853641338,0.0020569621720133834,0.0003740156048518635,0.00015155451437132638,0.1,0,0.0,0.0
1762438974.8888133,232.679510421,4,-0.041782119643081886,0.00927614247855435,-1.9875000000000074,1.9879607748497405,0.042111809276832814,0.009492810614236322,1.9875000000000071,1.9879687542650046,0.001139814438420787,0.0002582510700025635,0.0,0.0,0.0,0,0.0,0.0
1762438974.9891715,232.779847552,4,-0.04767849926227062,0.008106217306443453,-1.986666666666674,1.9872552414059435,0.04343862574600149,0.008897494695401896,1.9872671920417218,1.9877617996590902,0.007391117072338823,0.0015688158917748615,0.0005588602575316405,0.00011654943043229081,0.1,0,0.0,0.0
1762438975.0888002,232.87949529,4,-0.05290261930325953,0.007099411698183955,-1.9858333333333409,1.986550557260855,0.053488032662371725,0.007266704802534278,1.9858333333333407,1.9865668381442858,0.00144927737640684,0.00019770146155962662,0.0,0.0,0.0,0,0.0,0.0
1762438975.1890514,232.979670097,4,-0.05741102186266363,0.006196451529934199,-1.9850000000000074,1.985839727028067,0.05393242912969844,0.006807144860165738,1.9856127791339786,1.9863567536555813,0.00925696015489585,0.0011984168285638463,0.0006919353369157349,8.829319254900691e-05,0.1,0,0.0,0.0
1762438975.2898643,233.080518481,4,-0.06135101180686389,0.005407662773675659,-1.984166666666674,1.9851223011637191,0.062133720453501046,0.005535422677543093,1.984166666666674,1.9851469973865292,0.00168449116657671,0.0001506031561168901,0.0,0.0,0.0,0,0.0,0.0
1762438975.3890486,233.179715409,4,-0.064793006610949,0.004719018826426558,-1.9833333333333405,1.9843970152052512,0.06200805232265499,0.005184785973368477,1.9839461124959041,1.9849216754940355,0.010683609209395251,0.0009127890125700485,0.0007970594962717311,6.724732641426639e-05,0.1,0,0.0,0.0
1762438975.4889627,233.279615644,4,-0.06780627118154242,0.004118667002988907,-1.9825000000000075,1.9836635056958265,0.06873761592049987,0.004215794610698647,1.9825000000000077,1.9836957636610164,0.00186413628204734,0.00011469833242365327,0.0,0.0,0.0,0,0.0,0.0
1762438975.5888124,233.379457063,4,-0.07043855821261011,0.0035944009546122757,-1.981666666666674,1.982921402370528,0.06818519156077446,0.003949052297087421,1.9822794458578785,1.9834557259573107,0.011774165326301655,0.0006952475578016684,0.0008774351867888661,5.122181149245647e-05,0.1,0,0.0,0.0
1762438975.688904,233.4795486,4,-0.07272449628935877,0.003135573023567817,-1.980833333333341,1.9821703707358767,0.07377538627361784,0.003209902208329781,1.9808333333333412,1.9822093243490921,0.0020012297603708984,8.73344663036719e-05,0.0,0.0,0.0,0,0.0,0.0
1762438975.7890234,233.579675845,4,-0.07483437603031151,0.0027416094862566798,-1.9800000000000075,1.9814155798969713,0.07297825231394132,0.003009583738996908,1.9806094871814415,1.9819558076854822,0.01253663326903943,0.0005264319444018422,0.0009318203766734236,3.870837361395075e-05,0.1,0,0.0,0.0
1762438975.8884528,233.679162205,4,-0.07654210214562271,0.002388942875647837,-1.979166666666674,1.9806476453153923,0.0776868094682035,0.0024460580084873684,1.9791666666666738,1.9806922825137687,0.0021076816255380334,6.655616048235372e-05,0.0,0.0,0.0,0,0.0,0.0
1762438975.9892652,233.779898556,4,-0.07803120934297819,0.002081498249972613,-1.9783333333333406,1.9798727181423301,0.07653125282206023,0.002289449407826898,1.9789461125819725,1.9804267193563125,0.013233171205257424,0.000402429426590795,0.000977091391654833,2.939790420329934e-05,0.1,0,0.0,0.0
1762438976.0890381,233.879681204,4,-0.07933656346885612,0.0018138997946672841,-1.9775000000000076,1.979091668047628,0.08054537153376595,0.0018571821965074216,1.9775000000000078,1.9791405346769224,0.0021854408878141554,5.053245593391465e-05,0.0,0.0,0.0,0,0.0,0.0
1762438976.1892314,233.979896198,4,-0.08062066241436125,0.0015851199214858003,-1.9766666666666741,1.978310722541946,0.07918894012919876,0.0017407264088845887,1.9772885904650956,1.978874449870598,0.013624255830047474,0.000304007919742493,0.0010035178397177443,2.216637424793046e-05,0.1,0,0.0,0.0
1762438976.288979,234.079688772,4,-0.08160869503135401,0.0013811219466504099,-1.9758333333333407,1.9775184569843316,0.08279485664684186,0.0014121538965447334,1.9758333333333407,1.9775677848248183,0.0021631986072362806,3.699467299351089e-05,0.0,0.0,0.0,0,0.0,0.0
1762438976.3887894,234.179437609,4,-0.08247322615406924,0.001203432099825097,-1.9750000000000072,1.9767215993359073,0.08134510855251365,0.0013216831698101702,1.9756094872686154,1.977283899625338,0.013988063543190783,0.00023082075533211333,0.0010302553597686672,1.6829474207221834e-05,0.1,0,0.0,0.0
1762438976.4888434,234.279498829,4,-0.08322392171957813,0.001048527649795794,-1.9741666666666742,1.9759203800594867,0.08452400122418245,0.001073622417287835,1.9741666666666744,1.975975578600568,0.00229368183040551,2.9213000720669682e-05,0.0,0.0,0.0,0,0.0,0.0
1762438976.5889575,234.379652081,4,-0.084015542723259,0.0009157687433152262,-1.9733333333333407,1.9751212353918806,0.0830360028395421,0.0010060677381382504,1.9739428206311067,1.9756888036988394,0.014268812489458106,0.00017543000573329954,0.0010423004953874413,1.2683504102736198e-05,0.1,0,0.0,0.0
1762438976.6889913,234.47963994,4,-0.08454595690995484,0.0007972198266446018,-1.9725000000000077,1.9743112481038299,0.08588259393711464,0.0008164246715988416,1.9725000000000077,1.9743689463954406,0.0023306909321932725,2.221579136859275e-05,0.0,0.0,0.0,0,0.0,0.0
1762438976.788825,234.579475158,4,-0.08499809098255853,0.0006939160634258368,-1.9716666666666738,1.9734980621816316,0.08418513961172937,0.0007637872316973495,1.97227944603074,1.9740754631821207,0.014549793640214338,0.00013383680218669242,0.0010561239681265557,9.613276314286014e-06,0.1,0,0.0,0.0
1762438976.8889265,234.679578877,4,-0.0854015847603985,0.0006041561625527159,-1.9708333333333408,1.9726828998757158,0.08675603038800371,0.0006186693189571777,1.9708333333333408,1.9727420052653153,0.0023544384734112624,1.6834351659100746e-05,0.0,0.0,0.0,0,0.0,0.0
1762438976.9888186,234.779471044,4,-0.08576346095790274,0.0005261530486868615,-1.9700000000000073,1.9718660319789825,0.08501048124446137,0.000578910351748168,1.9706127793930552,1.9724456502945351,0.014694720848665547,0.00010144324861211726,0.0010665712506946448,7.287027298064741e-06,0.1,0,0.0,0.0
1762438977.0889652,234.879612037,4,-0.08608407424525807,0.000458334669842575,-1.9691666666666743,1.9710474471763673,0.08745320512509148,0.00046930830237175826,1.9691666666666743,1.9711077201533342,0.0023733925928168032,1.2769820657341e-05,0.0,0.0,0.0,0,0.0,0.0
1762438977.1889527,234.97962477,4,-0.08636696735363009,0.0003993340003944912,-1.9683333333333408,1.9702272771506966,0.08566657009102026,0.0004392389877016291,1.9689461127554173,1.9708089073009378,0.014809918091197223,7.697010522108048e-05,0.0010748652747686863,5.529410307598371e-06,0.1,0,0.0,0.0
1762438977.2887976,235.079455793,4,-0.08676838086130578,0.00034887267752359286,-1.9675000000000074,1.9694123802874468,0.08806842734650012,0.00035671484240515686,1.9675000000000078,1.9694700873942705,0.002301334893112337,9.345005588385692e-06,0.0,0.0,0.0,0,0.0,0.0
1762438977.3888633,235.179555198,4,-0.08697941165972989,0.00030398019177146907,-1.966666666666674,1.9685891618706115,0.08615530937858137,0.0003338591266370921,1.9672885906341162,1.9691742552743277,0.014810677161362888,5.8126074916837984e-05,0.0010724724012278876,4.16724266736084e-06,0.1,0,0.0,0.0
1762438977.4890935,235.279733743,4,-0.08715537922726427,0.0002648329771952618,-1.9658333333333409,1.9677644230723423,0.08854708750554491,0.0002711670018186929,1.9658333333333409,1.9678265560464752,0.0024031318731800397,7.378364104853929e-06,0.0,0.0,0.0,0,0.0,0.0
1762438977.5888178,235.379480363,4,-0.08729891790065453,0.00023069634072303558,-1.9650000000000074,1.9669382690586545,0.0866915996906394,0.0002537869595208295,1.9656127794802911,1.9675235949591505,0.014973776303110387,4.4404675161908935e-05,0.0010778201818119248,3.163025484257243e-06,0.1,0,0.0,0.0
1762438977.6942587,235.484897159,4,-0.0875791019469862,0.00020149399709534777,-1.9641666666666744,1.9661182146916156,0.08889819635581224,0.0002060325251086383,1.9641666666666746,1.9661774147337756,0.002323080929356187,5.397603156797048e-06,0.0,0.0,0.0,0,0.0,0.0
1762438977.7892697,235.579905329,4,-0.08825788024955367,0.0001771999697566251,-1.9633333333333405,1.9653160719344305,0.087371379811386,0.00019375230084897366,1.9639418337759014,1.9658843613003156,0.014608112949447166,3.2802142965796755e-05,0.0010400047290934438,2.3109806721262293e-06,0.1,0,0.0,0.0
1762438977.8890595,235.679708488,4,-0.0885834120506333,0.00015484214716598999,-1.9625000000000075,1.9644982297947362,0.09004858899285484,0.00015874329284240447,1.9625000000000077,1.9645648433123981,0.002444301241489702,4.320989860372882e-06,0.0,0.0,0.0,0,0.0,0.0
1762438977.98876,235.77945751,4,-0.08831189822985053,0.00013382565238417854,-1.961666666666674,1.9636535133239277,0.08798035293761573,0.00014804869214012697,1.9622794462053628,1.9642507959579572,0.015061874560665297,2.5560647464385914e-05,0.0010123633551701167,1.6939904298419964e-06,0.1,0,0.0,0.0
1762438978.0889266,235.87960487,4,-0.08809679311320628,0.00011569112444487217,-1.960833333333341,1.9628113560534564,0.08954931049314233,0.00011861027217127444,1.960833333333341,1.962877085858749,0.002430746423087814,3.2287007405589217e-06,0.0,0.0,0.0,0,0.0,0.0
1762438978.1890411,235.979690712,4,-0.0881323460931176,0.00010042757904171751,-1.9600000000000075,1.9619804587491703,0.08765584184279517,0.00011080929811199183,1.9606094875328126,1.9625679915589034,0.014907133867773925,1.900806343120354e-05,0.0009995526524108518,1.2565980065082805e-06,0.1,0,0.0,0.0
1762438978.2891145,236.079803149,4,-0.08820697147838114,8.724560050366037e-05,-1.959166666666674,1.9611513213434066,0.08964254085115125,8.941868626221557e-05,1.959166666666674,1.9612164135820804,0.0024330985191180175,2.43380717870667e-06,0.0,0.0,0.0,0,0.0,0.0
1762438978.3889246,236.179574055,4,-0.08812801973586032,7.561206663941888e-05,-1.9583333333333406,1.960315280260862,0.08766833972920551,8.348247938766385e-05,1.9589461129306356,1.9609068356569737,0.014977848317477458,1.4373193647465806e-05,0.0009893922337437736,9.355131913581394e-07,0.1,0,0.0,0.0
1762438978.4888237,236.279478581,4,-0.0880743610225001,6.557621662239832e-05,-1.9575000000000076,1.9594803768779598,0.0895025118927269,6.719496579441469e-05,1.9575000000000073,1.959545088572932,0.002429255204316758,1.8287964008480983e-06,0.0,0.0,0.0,0,0.0,0.0
1762438978.5888665,236.379503606,4,-0.08804464933786332,5.6912821290389104e-05,-1.956666666666674,1.9586465500341226,0.08743069553838821,6.277337074564079e-05,1.9572916999290473,1.9592434583466043,0.014950274825502893,1.0810194815825233e-05,0.000987380742456695,7.038142802551885e-07,0.1,0,0.0,0.0
1762438978.689182,236.479827972,4,-0.08803321944353143,4.942465831048182e-05,-1.9558333333333406,1.9578135452453576,0.08945340679096765,5.0633381090111014e-05,1.9558333333333404,1.9578779181368933,0.0024278643103556054,1.377954442222551e-06,0.0,0.0,0.0,0,0.0,0.0
1762438978.7941084,236.584704798,4,-0.08852751173888723,4.329735008057334e-05,-1.9550000000000072,1.9570033526311004,0.08761459007653033,4.751211874933541e-05,1.9556282380748091,1.957589876406001,0.015522145100608408,8.021859904348002e-06,0.0010448056815035196,5.178812370556732e-07,0.1,0,0.0,0.0
1762438978.8906946,236.681299188,4,-0.08109504716084531,3.818879208949966e-05,-1.9550000000000072,1.9566812229212074,0.086475267487186,4.487574197072027e-05,1.9553746616782082,1.957285886485155,0.02743023492242932,1.3690207762110822e-05,0.0031354401063769374,1.5114112819905495e-06,0.2,0,0.0,0.0
1762438978.9888048,236.779513085,4,-0.08141362163044696,3.322971303476585e-05,-1.9541666666666742,1.955861840724528,0.08278267687497846,3.4044799994739915e-05,1.9541666666666744,1.9559193065821443,0.01032580456633338,4.242074313228317e-06,0.0008734760153388204,3.5843316446395605e-07,0.1,0,0.0,0.0
1762438979.088367,236.879077116,4,-0.08136067526848512,2.8587778245992013e-05,-1.9533333333333407,1.9550270257488884,0.08045497303552707,3.167800105469835e-05,1.9539801303793,1.9556357926788797,0.022459407154976928,8.663919833149287e-06,0.0029594385615227575,1.1089808495066136e-06,0.2,0,0.0,0.0
1762438979.1884904,236.979195621,4,-0.08138924540716325,2.4547254082518677e-05,-1.9525000000000077,1.9541956043013056,0.08276171396138798,2.518065235919223e-05,1.952500000000008,1.9542532466218199,0.01041581122597667,3.166754459501098e-06,0.000882464616095408,2.679616460978364e-07,0.1,0,0.0,0.0
1762438979.2891471,237.079769305,4,-0.08193009675988722,2.1250792394233997e-05,-1.9516666666666742,1.9533856042738944,0.0809909159120389,2.3493310644760607e-05,1.9522885908908927,1.953967827558825,0.022555207843045853,6.4261960629705675e-06,0.0029745933969393713,8.230271137167792e-07,0.2,0,0.0,0.0
1762438979.3895109,237.180142571,4,-0.08252704129721261,1.8413701252439907e-05,-1.9508333333333407,1.9525781437189165,0.08379228659906489,1.8852748095247914e-05,1.9508333333333403,1.9526320293627772,0.010438144248966595,2.343875131084694e-06,0.0008745827022728843,1.96105385589207e-07,0.1,0,0.0,0.0
1762438979.4898145,237.280463452,4,-0.08298617627753663,1.5921481689273875e-05,-1.9500000000000073,1.9517650231794523,0.08212024904117599,1.758011027311616e-05,1.9506094877112004,1.9523373451226598,0.022806981857998378,4.798644444576893e-06,0.0029908438779592777,6.111275839305153e-07,0.2,0,0.0,0.0
1762438979.5887363,237.37938527,4,-0.08389233372016003,1.3890934673632671e-05,-1.9491666666666743,1.9509711987352472,0.08508769556401091,1.4200417483098803e-05,1.9491666666666743,1.9510229651602053,0.010474703933905623,1.7410364508985146e-06,0.0008589044913231307,1.4250441129697314e-07,0.1,0,0.0,0.0
1762438979.6891239,237.47975886,4,-0.0843886770072953,1.2036792898406645e-05,-1.9483333333333408,1.9501600515674944,0.08338745202010496,1.3257242371346057e-05,1.9489487523576066,1.9507318387329486,0.02290170039503619,3.5694151969813954e-06,0.0029555355747032416,4.4726668860839424e-07,0.2,0,0.0,0.0
1762438979.789183,237.579801673,4,-0.08468806501980264,1.0399815947303992e-05,-1.9475000000000073,1.949340482949293,0.08597586539235566,1.0647361316062088e-05,1.947500000000007,1.9493968553230399,0.010646846975579717,1.3116402237727255e-06,0.0008569555264062653,1.0534135990225569e-07,0.1,0,0.0,0.0
1762438979.8894398,237.680070425,4,-0.08512093331263493,9.014664011264273e-06,-1.9466666666666739,1.9485267985019905,0.08433390315092988,9.941738677746422e-06,1.947272762640417,1.9490981041088595,0.02317613162488593,2.6782500136726116e-06,0.0029610933244632364,3.3214897900488714e-07,0.2,0,0.0,0.0
1762438979.9893928,237.780019948,4,-0.08551527605145537,7.8148304607506e-06,-1.9458333333333409,1.9477115350098353,0.08681771754225205,8.000855335583627e-06,1.945833333333341,1.9477691539950008,0.0022688330086237446,2.0969224303768466e-07,0.0,0.0,0.0,0,0.0,0.0
1762438980.3323636,238.123015006,4,-0.08572001530432538,6.7573286923749976e-06,-1.9450000000000074,1.946888009380474,0.08502185141999036,7.461124345884011e-06,1.9456094878010821,1.9474663011965418,0.014937118194156251,1.3442129397451823e-06,0.0012668285185532507,1.1345206967074975e-07,0.1,0,0.0,0.0
1762438980.3369832,238.127654803,4,-0.08592119715007224,5.848242694561634e-06,-1.944166666666674,1.9460643565750104,0.0873076378690476,5.994682319166547e-06,1.9441666666666741,1.9461260625776573,0.002369620199938253,1.6317139143162683e-07,0.0,0.0,0.0,0,0.0,0.0
1762438980.342156,238.132819744,4,-0.08613061067600503,5.067276914072494e-06,-1.943333333333341,1.9452410972847487,0.08547823707213031,5.595534034326924e-06,1.9439461131968396,1.9458245090596866,0.015098461342618325,1.0124839589034092e-06,0.001272884114268007,8.493125674717828e-08,0.1,0,0.0,0.0
1762438980.3888822,238.179390907,4,-0.08649494261265811,4.407418801477547e-06,-1.9425000000000074,1.9444247542954758,0.0878860084180738,4.51644450472743e-06,1.9425000000000072,1.9444871304526774,0.0023852607096450243,1.2292161604388065e-07,0.0,0.0,0.0,0,0.0,0.0
1762438980.4889414,238.279623647,4,-0.08680367532801125,3.832955359328594e-06,-1.941666666666674,1.9436060101032862,0.08602254979272773,4.223726454534113e-06,1.9422885910642798,1.9441925959300295,0.015095234895160741,7.580503854955899e-07,0.0012623642757405972,6.307338924300689e-08,0.1,0,0.0,0.0
1762438980.5890412,238.379679894,4,-0.08693246752692091,3.325170742529693e-06,-1.940833333333341,1.9427792673639441,0.08833182747553243,3.407125244342891e-06,1.9408333333333405,1.942842386693934,0.0023973828983650655,9.272785035596698e-08,0.0,0.0,0.0,0,0.0,0.0
1762438980.6892595,238.479883839,4,-0.08721040681448189,2.894052901547539e-06,-1.9400000000000075,1.9419592310512475,0.08645043170980206,3.1873292113251384e-06,1.9406219244266856,1.942546558185544,0.015154879889881854,5.710393075730735e-07,0.0012584125158664652,4.716893523284414e-08,0.1,0,0.0,0.0
1762438980.7889154,238.579596187,4,-0.08743127055430244,2.5175879860839245e-06,-1.939166666666674,1.9411366742679965,0.08876221530032774,2.5761025815406033e-06,1.9391666666666736,1.9411970770591005,0.0023196478047810666,6.750402538369116e-08,0.0,0.0,0.0,0,0.0,0.0
1762438980.88915,238.679776694,4,-0.08762674080352395,2.1898649176232965e-06,-1.9383333333333406,1.9403130048576653,0.08686924393596382,2.4091272468715604e-06,1.9389520544470606,1.940897043892923,0.015115356231038761,4.282019175947393e-07,0.001244764482553522,3.506989211012889e-08,0.1,0,0.0,0.0
1762438980.989296,238.779921637,4,-0.08747824278235594,1.894224421761237e-06,-1.9375000000000075,1.9394738185817064,0.0889804357007786,1.9437930644845966e-06,1.9375000000000075,1.9395421542058082,0.00250478153559176,5.487093707223778e-08,0.0,0.0,0.0,0,0.0,0.0
1762438981.0890896,238.879742938,4,-0.08765800266884471,1.648247887953147e-06,-1.936666666666674,1.9386494534114243,0.08701434903056417,1.8182695450488238e-06,1.9372917002724381,1.939244860476622,0.01530669600177511,3.262751173251923e-07,0.001245366805386124,2.6388090567741607e-08,0.1,0,0.0,0.0
1762438981.1893945,238.980032049,4,-0.08784787127719906,1.4350270298724155e-06,-1.9358333333333406,1.9378255708227372,0.08918161720372489,1.4681144710725122e-06,1.9358333333333408,1.937886491849742,0.0023305766224340396,3.8468038834782445e-08,0.0,0.0,0.0,0,0.0,0.0
1762438981.289409,239.080044683,4,-0.08813222823369482,1.251662959722566e-06,-1.9350000000000076,1.9370060117756558,0.08737851448080339,1.3750664913615552e-06,1.9356154192612947,1.9375866576947829,0.01507330400770124,2.4204468179989107e-07,0.0012219142993154866,1.9505125399987832e-08,0.1,0,0.0,0.0
1762438981.3889942,239.179645088,4,-0.08805068220815393,1.0849249321154275e-06,-1.9341666666666741,1.9361698316735987,0.08948373291642477,1.1118345865218659e-06,1.9341666666666741,1.9362355313603683,0.0024287962785396826,3.026117687254804e-08,0.0,0.0,0.0,0,0.0,0.0
1762438981.489162,239.279783792,4,-0.08815096335432226,9.433801415603682e-07,-1.9333333333333407,1.9353419258929392,0.08763415206232861,1.0396941081368856e-06,1.9339428213459453,1.9359273180685994,0.015254630817992528,1.844890740834159e-07,0.0012127483361859153,1.4565905077912334e-08,0.1,0,0.0,0.0
1762438981.5890758,239.379693198,4,-0.0883709883896796,8.219719602742259e-07,-1.9325000000000072,1.934519496306427,0.08981634302100075,8.425343711412161e-07,1.932500000000007,1.9345860604983183,0.002437872147608007,2.2932832361988176e-08,0.0,0.0,0.0,0,0.0,0.0
1762438981.6892064,239.479845706,4,-0.0883772632410934,7.134450510370982e-07,-1.9316666666666742,1.933687320062278,0.08779957197293586,7.872953947770177e-07,1.9322885912394638,1.9342822867082874,0.015248434610941084,1.390435509640575e-07,0.0011849691825621131,1.0722369586169117e-08,0.1,0,0.0,0.0
1762438981.7889383,239.579579232,4,-0.08823001943425579,6.175222488913334e-07,-1.9308333333333407,1.9328481309820724,0.08967220142193322,6.329748316449184e-07,1.9308333333333407,1.9329145001317043,0.0024339690918545763,1.722911057133736e-08,0.0,0.0,0.0,0,0.0,0.0
1762438981.8889902,239.67963502,4,-0.08811523179455927,5.348141101091386e-07,-1.9300000000000073,1.9320104280449737,0.08768034667838624,5.907815066756106e-07,1.9306127801036062,1.9326027915465107,0.015296875321328758,1.048358755808554e-07,0.0011817346803547812,8.0333478677419e-09,0.1,0,0.0,0.0
1762438981.989406,239.780046747,4,-0.08834496252659618,4.659698729092554e-07,-1.9291666666666742,1.9311884579661949,0.08970097888814298,4.769023293298429e-07,1.929166666666674,1.9312509659263668,0.002344278444626999,1.2497594257254719e-08,0.0,0.0,0.0,0,0.0,0.0
1762438982.0890713,239.879717882,4,-0.08821051929970003,4.0349009977624917e-07,-1.9283333333333408,1.9303498491620006,0.08773743188208309,4.4509489963446734e-07,1.9289428214373858,1.9309371469129397,0.01519030935256782,7.835023167901409e-08,0.0011626977735422087,5.946776860255022e-09,0.1,0,0.0,0.0
1762438982.1889546,239.979646982,4,-0.08826110633723139,3.504814694021974e-07,-1.9275000000000073,1.9295197000528457,0.0896997613521068,3.5921553223297895e-07,1.9275000000000078,1.9295860429601952,0.002434679538912495,9.777256763765507e-09,0.0,0.0,0.0,0,0.0,0.0
